0 9 0 0 4 69 13 161 79
1 9 0 69 4 80 161 162 163
2 9 0 69 80 68 163 164 78
3 9 0 68 80 81 164 165 166
4 9 0 68 81 67 166 167 77
5 9 0 67 81 82 167 168 169
6 9 0 67 82 66 169 170 76
7 9 0 66 82 83 170 171 172
8 9 0 66 83 65 172 173 75
9 9 0 65 83 84 173 174 175
10 9 0 65 84 64 175 176 74
11 9 0 64 84 85 176 177 178
12 9 0 64 85 63 178 179 73
13 9 0 63 85 86 179 180 181
14 9 0 63 86 62 181 182 72
15 9 0 62 86 87 182 183 184
16 9 0 62 87 61 184 185 71
17 9 0 61 87 88 185 186 187
18 9 0 61 88 3 187 188 70
19 9 0 3 88 50 188 189 60
20 9 0 4 5 80 14 190 162
21 9 0 80 5 89 190 191 192
22 9 0 80 89 81 192 193 165
23 9 0 81 89 90 193 194 195
24 9 0 81 90 82 195 196 168
25 9 0 82 90 91 196 197 198
26 9 0 82 91 83 198 199 171
27 9 0 83 91 92 199 200 201
28 9 0 83 92 84 201 202 174
29 9 0 84 92 93 202 203 204
30 9 0 84 93 85 204 205 177
31 9 0 85 93 94 205 206 207
32 9 0 85 94 86 207 208 180
33 9 0 86 94 95 208 209 210
34 9 0 86 95 87 210 211 183
35 9 0 87 95 96 211 212 213
36 9 0 87 96 88 213 214 186
37 9 0 88 96 97 214 215 216
38 9 0 88 97 50 216 217 189
39 9 0 50 97 49 217 218 59
40 9 0 5 6 89 15 219 191
41 9 0 89 6 98 219 220 221
42 9 0 89 98 90 221 222 194
43 9 0 90 98 99 222 223 224
44 9 0 90 99 91 224 225 197
45 9 0 91 99 100 225 226 227
46 9 0 91 100 92 227 228 200
47 9 0 92 100 101 228 229 230
48 9 0 92 101 93 230 231 203
49 9 0 93 101 102 231 232 233
50 9 0 93 102 94 233 234 206
51 9 0 94 102 103 234 235 236
52 9 0 94 103 95 236 237 209
53 9 0 95 103 104 237 238 239
54 9 0 95 104 96 239 240 212
55 9 0 96 104 105 240 241 242
56 9 0 96 105 97 242 243 215
57 9 0 97 105 106 243 244 245
58 9 0 97 106 49 245 246 218
59 9 0 49 106 48 246 247 58
60 9 0 6 7 98 16 248 220
61 9 0 98 7 107 248 249 250
62 9 0 98 107 99 250 251 223
63 9 0 99 107 108 251 252 253
64 9 0 99 108 100 253 254 226
65 9 0 100 108 109 254 255 256
66 9 0 100 109 101 256 257 229
67 9 0 101 109 110 257 258 259
68 9 0 101 110 102 259 260 232
69 9 0 102 110 111 260 261 262
70 9 0 102 111 103 262 263 235
71 9 0 103 111 112 263 264 265
72 9 0 103 112 104 265 266 238
73 9 0 104 112 113 266 267 268
74 9 0 104 113 105 268 269 241
75 9 0 105 113 114 269 270 271
76 9 0 105 114 106 271 272 244
77 9 0 106 114 115 272 273 274
78 9 0 106 115 48 274 275 247
79 9 0 48 115 47 275 276 57
80 9 0 7 8 107 17 277 249
81 9 0 107 8 116 277 278 279
82 9 0 107 116 108 279 280 252
83 9 0 108 116 117 280 281 282
84 9 0 108 117 109 282 283 255
85 9 0 109 117 118 283 284 285
86 9 0 109 118 110 285 286 258
87 9 0 110 118 119 286 287 288
88 9 0 110 119 111 288 289 261
89 9 0 111 119 120 289 290 291
90 9 0 111 120 112 291 292 264
91 9 0 112 120 121 292 293 294
92 9 0 112 121 113 294 295 267
93 9 0 113 121 122 295 296 297
94 9 0 113 122 114 297 298 270
95 9 0 114 122 123 298 299 300
96 9 0 114 123 115 300 301 273
97 9 0 115 123 124 301 302 303
98 9 0 115 124 47 303 304 276
99 9 0 47 124 46 304 305 56
100 9 0 8 9 116 18 306 278
101 9 0 116 9 125 306 307 308
102 9 0 116 125 117 308 309 281
103 9 0 117 125 126 309 310 311
104 9 0 117 126 118 311 312 284
105 9 0 118 126 127 312 313 314
106 9 0 118 127 119 314 315 287
107 9 0 119 127 128 315 316 317
108 9 0 119 128 120 317 318 290
109 9 0 120 128 129 318 319 320
110 9 0 120 129 121 320 321 293
111 9 0 121 129 130 321 322 323
112 9 0 121 130 122 323 324 296
113 9 0 122 130 131 324 325 326
114 9 0 122 131 123 326 327 299
115 9 0 123 131 132 327 328 329
116 9 0 123 132 124 329 330 302
117 9 0 124 132 133 330 331 332
118 9 0 124 133 46 332 333 305
119 9 0 46 133 45 333 334 55
120 9 0 9 10 125 19 335 307
121 9 0 125 10 134 335 336 337
122 9 0 125 134 126 337 338 310
123 9 0 126 134 135 338 339 340
124 9 0 126 135 127 340 341 313
125 9 0 127 135 136 341 342 343
126 9 0 127 136 128 343 344 316
127 9 0 128 136 137 344 345 346
128 9 0 128 137 129 346 347 319
129 9 0 129 137 138 347 348 349
130 9 0 129 138 130 349 350 322
131 9 0 130 138 139 350 351 352
132 9 0 130 139 131 352 353 325
133 9 0 131 139 140 353 354 355
134 9 0 131 140 132 355 356 328
135 9 0 132 140 141 356 357 358
136 9 0 132 141 133 358 359 331
137 9 0 133 141 142 359 360 361
138 9 0 133 142 45 361 362 334
139 9 0 45 142 44 362 363 54
140 9 0 10 11 134 20 364 336
141 9 0 134 11 143 364 365 366
142 9 0 134 143 135 366 367 339
143 9 0 135 143 144 367 368 369
144 9 0 135 144 136 369 370 342
145 9 0 136 144 145 370 371 372
146 9 0 136 145 137 372 373 345
147 9 0 137 145 146 373 374 375
148 9 0 137 146 138 375 376 348
149 9 0 138 146 147 376 377 378
150 9 0 138 147 139 378 379 351
151 9 0 139 147 148 379 380 381
152 9 0 139 148 140 381 382 354
153 9 0 140 148 149 382 383 384
154 9 0 140 149 141 384 385 357
155 9 0 141 149 150 385 386 387
156 9 0 141 150 142 387 388 360
157 9 0 142 150 151 388 389 390
158 9 0 142 151 44 390 391 363
159 9 0 44 151 43 391 392 53
160 9 0 11 12 143 21 393 365
161 9 0 143 12 152 393 394 395
162 9 0 143 152 144 395 396 368
163 9 0 144 152 153 396 397 398
164 9 0 144 153 145 398 399 371
165 9 0 145 153 154 399 400 401
166 9 0 145 154 146 401 402 374
167 9 0 146 154 155 402 403 404
168 9 0 146 155 147 404 405 377
169 9 0 147 155 156 405 406 407
170 9 0 147 156 148 407 408 380
171 9 0 148 156 157 408 409 410
172 9 0 148 157 149 410 411 383
173 9 0 149 157 158 411 412 413
174 9 0 149 158 150 413 414 386
175 9 0 150 158 159 414 415 416
176 9 0 150 159 151 416 417 389
177 9 0 151 159 160 417 418 419
178 9 0 151 160 43 419 420 392
179 9 0 43 160 42 420 421 52
180 9 0 12 1 152 22 422 394
181 9 0 152 1 23 422 32 423
182 9 0 152 23 153 423 424 397
183 9 0 153 23 24 424 33 425
184 9 0 153 24 154 425 426 400
185 9 0 154 24 25 426 34 427
186 9 0 154 25 155 427 428 403
187 9 0 155 25 26 428 35 429
188 9 0 155 26 156 429 430 406
189 9 0 156 26 27 430 36 431
190 9 0 156 27 157 431 432 409
191 9 0 157 27 28 432 37 433
192 9 0 157 28 158 433 434 412
193 9 0 158 28 29 434 38 435
194 9 0 158 29 159 435 436 415
195 9 0 159 29 30 436 39 437
196 9 0 159 30 160 437 438 418
197 9 0 160 30 31 438 40 439
198 9 0 160 31 42 439 440 421
199 9 0 42 31 2 440 41 51
