0 0.0000 0.0000
1 -2.8284 2.8284
2 0.0000 5.6569
3 2.8284 2.8284
4 -0.0707 0.0707
5 -0.1414 0.1414
6 -0.2121 0.2121
7 -0.2828 0.2828
8 -0.3536 0.3536
9 -0.4243 0.4243
10 -0.4950 0.4950
11 -0.5657 0.5657
12 -0.6364 0.6364
13 -0.7071 0.7071
14 -0.7778 0.7778
15 -0.8485 0.8485
16 -0.9192 0.9192
17 -0.9899 0.9899
18 -1.0607 1.0607
19 -1.1314 1.1314
20 -1.2021 1.2021
21 -1.2728 1.2728
22 -1.3435 1.3435
23 -1.4142 1.4142
24 -1.4849 1.4849
25 -1.5556 1.5556
26 -1.6263 1.6263
27 -1.6971 1.6971
28 -1.7678 1.7678
29 -1.8385 1.8385
30 -1.9092 1.9092
31 -1.9799 1.9799
32 -2.0506 2.0506
33 -2.1213 2.1213
34 -2.1920 2.1920
35 -2.2627 2.2627
36 -2.3335 2.3335
37 -2.4042 2.4042
38 -2.4749 2.4749
39 -2.5456 2.5456
40 -2.6163 2.6163
41 -2.6870 2.6870
42 -2.7577 2.7577
43 -2.7577 2.8991
44 -2.6870 2.9698
45 -2.6163 3.0406
46 -2.5456 3.1113
47 -2.4749 3.1820
48 -2.4042 3.2527
49 -2.3335 3.3234
50 -2.2627 3.3941
51 -2.1920 3.4648
52 -2.1213 3.5355
53 -2.0506 3.6062
54 -1.9799 3.6770
55 -1.9092 3.7477
56 -1.8385 3.8184
57 -1.7678 3.8891
58 -1.6971 3.9598
59 -1.6263 4.0305
60 -1.5556 4.1012
61 -1.4849 4.1719
62 -1.4142 4.2426
63 -1.3435 4.3134
64 -1.2728 4.3841
65 -1.2021 4.4548
66 -1.1314 4.5255
67 -1.0607 4.5962
68 -0.9899 4.6669
69 -0.9192 4.7376
70 -0.8485 4.8083
71 -0.7778 4.8790
72 -0.7071 4.9497
73 -0.6364 5.0205
74 -0.5657 5.0912
75 -0.4950 5.1619
76 -0.4243 5.2326
77 -0.3536 5.3033
78 -0.2828 5.3740
79 -0.2121 5.4447
80 -0.1414 5.5154
81 -0.0707 5.5861
82 0.0707 5.5861
83 0.1414 5.5154
84 0.2121 5.4447
85 0.2828 5.3740
86 0.3536 5.3033
87 0.4243 5.2326
88 0.4950 5.1619
89 0.5657 5.0912
90 0.6364 5.0205
91 0.7071 4.9497
92 0.7778 4.8790
93 0.8485 4.8083
94 0.9192 4.7376
95 0.9899 4.6669
96 1.0607 4.5962
97 1.1314 4.5255
98 1.2021 4.4548
99 1.2728 4.3841
100 1.3435 4.3134
101 1.4142 4.2426
102 1.4849 4.1719
103 1.5556 4.1012
104 1.6263 4.0305
105 1.6971 3.9598
106 1.7678 3.8891
107 1.8385 3.8184
108 1.9092 3.7477
109 1.9799 3.6770
110 2.0506 3.6062
111 2.1213 3.5355
112 2.1920 3.4648
113 2.2627 3.3941
114 2.3335 3.3234
115 2.4042 3.2527
116 2.4749 3.1820
117 2.5456 3.1113
118 2.6163 3.0406
119 2.6870 2.9698
120 2.7577 2.8991
121 2.7577 2.7577
122 2.6870 2.6870
123 2.6163 2.6163
124 2.5456 2.5456
125 2.4749 2.4749
126 2.4042 2.4042
127 2.3335 2.3335
128 2.2627 2.2627
129 2.1920 2.1920
130 2.1213 2.1213
131 2.0506 2.0506
132 1.9799 1.9799
133 1.9092 1.9092
134 1.8385 1.8385
135 1.7678 1.7678
136 1.6971 1.6971
137 1.6263 1.6263
138 1.5556 1.5556
139 1.4849 1.4849
140 1.4142 1.4142
141 1.3435 1.3435
142 1.2728 1.2728
143 1.2021 1.2021
144 1.1314 1.1314
145 1.0607 1.0607
146 0.9899 0.9899
147 0.9192 0.9192
148 0.8485 0.8485
149 0.7778 0.7778
150 0.7071 0.7071
151 0.6364 0.6364
152 0.5657 0.5657
153 0.4950 0.4950
154 0.4243 0.4243
155 0.3536 0.3536
156 0.2828 0.2828
157 0.2121 0.2121
158 0.1414 0.1414
159 0.0707 0.0707
160 0.0000 0.1414
161 0.0707 0.2121
162 0.1414 0.2828
163 0.2121 0.3536
164 0.2828 0.4243
165 0.3536 0.4950
166 0.4243 0.5657
167 0.4950 0.6364
168 0.5657 0.7071
169 0.6364 0.7778
170 0.7071 0.8485
171 0.7778 0.9192
172 0.8485 0.9899
173 0.9192 1.0607
174 0.9899 1.1314
175 1.0607 1.2021
176 1.1314 1.2728
177 1.2021 1.3435
178 1.2728 1.4142
179 1.3435 1.4849
180 1.4142 1.5556
181 1.4849 1.6263
182 1.5556 1.6971
183 1.6263 1.7678
184 1.6971 1.8385
185 1.7678 1.9092
186 1.8385 1.9799
187 1.9092 2.0506
188 1.9799 2.1213
189 2.0506 2.1920
190 2.1213 2.2627
191 2.1920 2.3335
192 2.2627 2.4042
193 2.3335 2.4749
194 2.4042 2.5456
195 2.4749 2.6163
196 2.5456 2.6870
197 2.6163 2.7577
198 2.6870 2.8284
199 -0.0707 0.2121
200 0.0000 0.2828
201 0.0707 0.3536
202 0.1414 0.4243
203 0.2121 0.4950
204 0.2828 0.5657
205 0.3536 0.6364
206 0.4243 0.7071
207 0.4950 0.7778
208 0.5657 0.8485
209 0.6364 0.9192
210 0.7071 0.9899
211 0.7778 1.0607
212 0.8485 1.1314
213 0.9192 1.2021
214 0.9899 1.2728
215 1.0607 1.3435
216 1.1314 1.4142
217 1.2021 1.4849
218 1.2728 1.5556
219 1.3435 1.6263
220 1.4142 1.6971
221 1.4849 1.7678
222 1.5556 1.8385
223 1.6263 1.9092
224 1.6971 1.9799
225 1.7678 2.0506
226 1.8385 2.1213
227 1.9092 2.1920
228 1.9799 2.2627
229 2.0506 2.3335
230 2.1213 2.4042
231 2.1920 2.4749
232 2.2627 2.5456
233 2.3335 2.6163
234 2.4042 2.6870
235 2.4749 2.7577
236 2.5456 2.8284
237 2.6163 2.8991
238 -0.1414 0.2828
239 -0.0707 0.3536
240 0.0000 0.4243
241 0.0707 0.4950
242 0.1414 0.5657
243 0.2121 0.6364
244 0.2828 0.7071
245 0.3536 0.7778
246 0.4243 0.8485
247 0.4950 0.9192
248 0.5657 0.9899
249 0.6364 1.0607
250 0.7071 1.1314
251 0.7778 1.2021
252 0.8485 1.2728
253 0.9192 1.3435
254 0.9899 1.4142
255 1.0607 1.4849
256 1.1314 1.5556
257 1.2021 1.6263
258 1.2728 1.6971
259 1.3435 1.7678
260 1.4142 1.8385
261 1.4849 1.9092
262 1.5556 1.9799
263 1.6263 2.0506
264 1.6971 2.1213
265 1.7678 2.1920
266 1.8385 2.2627
267 1.9092 2.3335
268 1.9799 2.4042
269 2.0506 2.4749
270 2.1213 2.5456
271 2.1920 2.6163
272 2.2627 2.6870
273 2.3335 2.7577
274 2.4042 2.8284
275 2.4749 2.8991
276 2.5456 2.9698
277 -0.2121 0.3536
278 -0.1414 0.4243
279 -0.0707 0.4950
280 0.0000 0.5657
281 0.0707 0.6364
282 0.1414 0.7071
283 0.2121 0.7778
284 0.2828 0.8485
285 0.3536 0.9192
286 0.4243 0.9899
287 0.4950 1.0607
288 0.5657 1.1314
289 0.6364 1.2021
290 0.7071 1.2728
291 0.7778 1.3435
292 0.8485 1.4142
293 0.9192 1.4849
294 0.9899 1.5556
295 1.0607 1.6263
296 1.1314 1.6971
297 1.2021 1.7678
298 1.2728 1.8385
299 1.3435 1.9092
300 1.4142 1.9799
301 1.4849 2.0506
302 1.5556 2.1213
303 1.6263 2.1920
304 1.6971 2.2627
305 1.7678 2.3335
306 1.8385 2.4042
307 1.9092 2.4749
308 1.9799 2.5456
309 2.0506 2.6163
310 2.1213 2.6870
311 2.1920 2.7577
312 2.2627 2.8284
313 2.3335 2.8991
314 2.4042 2.9698
315 2.4749 3.0406
316 -0.2828 0.4243
317 -0.2121 0.4950
318 -0.1414 0.5657
319 -0.0707 0.6364
320 0.0000 0.7071
321 0.0707 0.7778
322 0.1414 0.8485
323 0.2121 0.9192
324 0.2828 0.9899
325 0.3536 1.0607
326 0.4243 1.1314
327 0.4950 1.2021
328 0.5657 1.2728
329 0.6364 1.3435
330 0.7071 1.4142
331 0.7778 1.4849
332 0.8485 1.5556
333 0.9192 1.6263
334 0.9899 1.6971
335 1.0607 1.7678
336 1.1314 1.8385
337 1.2021 1.9092
338 1.2728 1.9799
339 1.3435 2.0506
340 1.4142 2.1213
341 1.4849 2.1920
342 1.5556 2.2627
343 1.6263 2.3335
344 1.6971 2.4042
345 1.7678 2.4749
346 1.8385 2.5456
347 1.9092 2.6163
348 1.9799 2.6870
349 2.0506 2.7577
350 2.1213 2.8284
351 2.1920 2.8991
352 2.2627 2.9698
353 2.3335 3.0406
354 2.4042 3.1113
355 -0.3536 0.4950
356 -0.2828 0.5657
357 -0.2121 0.6364
358 -0.1414 0.7071
359 -0.0707 0.7778
360 0.0000 0.8485
361 0.0707 0.9192
362 0.1414 0.9899
363 0.2121 1.0607
364 0.2828 1.1314
365 0.3536 1.2021
366 0.4243 1.2728
367 0.4950 1.3435
368 0.5657 1.4142
369 0.6364 1.4849
370 0.7071 1.5556
371 0.7778 1.6263
372 0.8485 1.6971
373 0.9192 1.7678
374 0.9899 1.8385
375 1.0607 1.9092
376 1.1314 1.9799
377 1.2021 2.0506
378 1.2728 2.1213
379 1.3435 2.1920
380 1.4142 2.2627
381 1.4849 2.3335
382 1.5556 2.4042
383 1.6263 2.4749
384 1.6971 2.5456
385 1.7678 2.6163
386 1.8385 2.6870
387 1.9092 2.7577
388 1.9799 2.8284
389 2.0506 2.8991
390 2.1213 2.9698
391 2.1920 3.0406
392 2.2627 3.1113
393 2.3335 3.1820
394 -0.4243 0.5657
395 -0.3536 0.6364
396 -0.2828 0.7071
397 -0.2121 0.7778
398 -0.1414 0.8485
399 -0.0707 0.9192
400 0.0000 0.9899
401 0.0707 1.0607
402 0.1414 1.1314
403 0.2121 1.2021
404 0.2828 1.2728
405 0.3536 1.3435
406 0.4243 1.4142
407 0.4950 1.4849
408 0.5657 1.5556
409 0.6364 1.6263
410 0.7071 1.6971
411 0.7778 1.7678
412 0.8485 1.8385
413 0.9192 1.9092
414 0.9899 1.9799
415 1.0607 2.0506
416 1.1314 2.1213
417 1.2021 2.1920
418 1.2728 2.2627
419 1.3435 2.3335
420 1.4142 2.4042
421 1.4849 2.4749
422 1.5556 2.5456
423 1.6263 2.6163
424 1.6971 2.6870
425 1.7678 2.7577
426 1.8385 2.8284
427 1.9092 2.8991
428 1.9799 2.9698
429 2.0506 3.0406
430 2.1213 3.1113
431 2.1920 3.1820
432 2.2627 3.2527
433 -0.4950 0.6364
434 -0.4243 0.7071
435 -0.3536 0.7778
436 -0.2828 0.8485
437 -0.2121 0.9192
438 -0.1414 0.9899
439 -0.0707 1.0607
440 0.0000 1.1314
441 0.0707 1.2021
442 0.1414 1.2728
443 0.2121 1.3435
444 0.2828 1.4142
445 0.3536 1.4849
446 0.4243 1.5556
447 0.4950 1.6263
448 0.5657 1.6971
449 0.6364 1.7678
450 0.7071 1.8385
451 0.7778 1.9092
452 0.8485 1.9799
453 0.9192 2.0506
454 0.9899 2.1213
455 1.0607 2.1920
456 1.1314 2.2627
457 1.2021 2.3335
458 1.2728 2.4042
459 1.3435 2.4749
460 1.4142 2.5456
461 1.4849 2.6163
462 1.5556 2.6870
463 1.6263 2.7577
464 1.6971 2.8284
465 1.7678 2.8991
466 1.8385 2.9698
467 1.9092 3.0406
468 1.9799 3.1113
469 2.0506 3.1820
470 2.1213 3.2527
471 2.1920 3.3234
472 -0.5657 0.7071
473 -0.4950 0.7778
474 -0.4243 0.8485
475 -0.3536 0.9192
476 -0.2828 0.9899
477 -0.2121 1.0607
478 -0.1414 1.1314
479 -0.0707 1.2021
480 0.0000 1.2728
481 0.0707 1.3435
482 0.1414 1.4142
483 0.2121 1.4849
484 0.2828 1.5556
485 0.3536 1.6263
486 0.4243 1.6971
487 0.4950 1.7678
488 0.5657 1.8385
489 0.6364 1.9092
490 0.7071 1.9799
491 0.7778 2.0506
492 0.8485 2.1213
493 0.9192 2.1920
494 0.9899 2.2627
495 1.0607 2.3335
496 1.1314 2.4042
497 1.2021 2.4749
498 1.2728 2.5456
499 1.3435 2.6163
500 1.4142 2.6870
501 1.4849 2.7577
502 1.5556 2.8284
503 1.6263 2.8991
504 1.6971 2.9698
505 1.7678 3.0406
506 1.8385 3.1113
507 1.9092 3.1820
508 1.9799 3.2527
509 2.0506 3.3234
510 2.1213 3.3941
511 -0.6364 0.7778
512 -0.5657 0.8485
513 -0.4950 0.9192
514 -0.4243 0.9899
515 -0.3536 1.0607
516 -0.2828 1.1314
517 -0.2121 1.2021
518 -0.1414 1.2728
519 -0.0707 1.3435
520 0.0000 1.4142
521 0.0707 1.4849
522 0.1414 1.5556
523 0.2121 1.6263
524 0.2828 1.6971
525 0.3536 1.7678
526 0.4243 1.8385
527 0.4950 1.9092
528 0.5657 1.9799
529 0.6364 2.0506
530 0.7071 2.1213
531 0.7778 2.1920
532 0.8485 2.2627
533 0.9192 2.3335
534 0.9899 2.4042
535 1.0607 2.4749
536 1.1314 2.5456
537 1.2021 2.6163
538 1.2728 2.6870
539 1.3435 2.7577
540 1.4142 2.8284
541 1.4849 2.8991
542 1.5556 2.9698
543 1.6263 3.0406
544 1.6971 3.1113
545 1.7678 3.1820
546 1.8385 3.2527
547 1.9092 3.3234
548 1.9799 3.3941
549 2.0506 3.4648
550 -0.7071 0.8485
551 -0.6364 0.9192
552 -0.5657 0.9899
553 -0.4950 1.0607
554 -0.4243 1.1314
555 -0.3536 1.2021
556 -0.2828 1.2728
557 -0.2121 1.3435
558 -0.1414 1.4142
559 -0.0707 1.4849
560 0.0000 1.5556
561 0.0707 1.6263
562 0.1414 1.6971
563 0.2121 1.7678
564 0.2828 1.8385
565 0.3536 1.9092
566 0.4243 1.9799
567 0.4950 2.0506
568 0.5657 2.1213
569 0.6364 2.1920
570 0.7071 2.2627
571 0.7778 2.3335
572 0.8485 2.4042
573 0.9192 2.4749
574 0.9899 2.5456
575 1.0607 2.6163
576 1.1314 2.6870
577 1.2021 2.7577
578 1.2728 2.8284
579 1.3435 2.8991
580 1.4142 2.9698
581 1.4849 3.0406
582 1.5556 3.1113
583 1.6263 3.1820
584 1.6971 3.2527
585 1.7678 3.3234
586 1.8385 3.3941
587 1.9092 3.4648
588 1.9799 3.5355
589 -0.7778 0.9192
590 -0.7071 0.9899
591 -0.6364 1.0607
592 -0.5657 1.1314
593 -0.4950 1.2021
594 -0.4243 1.2728
595 -0.3536 1.3435
596 -0.2828 1.4142
597 -0.2121 1.4849
598 -0.1414 1.5556
599 -0.0707 1.6263
600 0.0000 1.6971
601 0.0707 1.7678
602 0.1414 1.8385
603 0.2121 1.9092
604 0.2828 1.9799
605 0.3536 2.0506
606 0.4243 2.1213
607 0.4950 2.1920
608 0.5657 2.2627
609 0.6364 2.3335
610 0.7071 2.4042
611 0.7778 2.4749
612 0.8485 2.5456
613 0.9192 2.6163
614 0.9899 2.6870
615 1.0607 2.7577
616 1.1314 2.8284
617 1.2021 2.8991
618 1.2728 2.9698
619 1.3435 3.0406
620 1.4142 3.1113
621 1.4849 3.1820
622 1.5556 3.2527
623 1.6263 3.3234
624 1.6971 3.3941
625 1.7678 3.4648
626 1.8385 3.5355
627 1.9092 3.6062
628 -0.8485 0.9899
629 -0.7778 1.0607
630 -0.7071 1.1314
631 -0.6364 1.2021
632 -0.5657 1.2728
633 -0.4950 1.3435
634 -0.4243 1.4142
635 -0.3536 1.4849
636 -0.2828 1.5556
637 -0.2121 1.6263
638 -0.1414 1.6971
639 -0.0707 1.7678
640 0.0000 1.8385
641 0.0707 1.9092
642 0.1414 1.9799
643 0.2121 2.0506
644 0.2828 2.1213
645 0.3536 2.1920
646 0.4243 2.2627
647 0.4950 2.3335
648 0.5657 2.4042
649 0.6364 2.4749
650 0.7071 2.5456
651 0.7778 2.6163
652 0.8485 2.6870
653 0.9192 2.7577
654 0.9899 2.8284
655 1.0607 2.8991
656 1.1314 2.9698
657 1.2021 3.0406
658 1.2728 3.1113
659 1.3435 3.1820
660 1.4142 3.2527
661 1.4849 3.3234
662 1.5556 3.3941
663 1.6263 3.4648
664 1.6971 3.5355
665 1.7678 3.6062
666 1.8385 3.6770
667 -0.9192 1.0607
668 -0.8485 1.1314
669 -0.7778 1.2021
670 -0.7071 1.2728
671 -0.6364 1.3435
672 -0.5657 1.4142
673 -0.4950 1.4849
674 -0.4243 1.5556
675 -0.3536 1.6263
676 -0.2828 1.6971
677 -0.2121 1.7678
678 -0.1414 1.8385
679 -0.0707 1.9092
680 0.0000 1.9799
681 0.0707 2.0506
682 0.1414 2.1213
683 0.2121 2.1920
684 0.2828 2.2627
685 0.3536 2.3335
686 0.4243 2.4042
687 0.4950 2.4749
688 0.5657 2.5456
689 0.6364 2.6163
690 0.7071 2.6870
691 0.7778 2.7577
692 0.8485 2.8284
693 0.9192 2.8991
694 0.9899 2.9698
695 1.0607 3.0406
696 1.1314 3.1113
697 1.2021 3.1820
698 1.2728 3.2527
699 1.3435 3.3234
700 1.4142 3.3941
701 1.4849 3.4648
702 1.5556 3.5355
703 1.6263 3.6062
704 1.6971 3.6770
705 1.7678 3.7477
706 -0.9899 1.1314
707 -0.9192 1.2021
708 -0.8485 1.2728
709 -0.7778 1.3435
710 -0.7071 1.4142
711 -0.6364 1.4849
712 -0.5657 1.5556
713 -0.4950 1.6263
714 -0.4243 1.6971
715 -0.3536 1.7678
716 -0.2828 1.8385
717 -0.2121 1.9092
718 -0.1414 1.9799
719 -0.0707 2.0506
720 0.0000 2.1213
721 0.0707 2.1920
722 0.1414 2.2627
723 0.2121 2.3335
724 0.2828 2.4042
725 0.3536 2.4749
726 0.4243 2.5456
727 0.4950 2.6163
728 0.5657 2.6870
729 0.6364 2.7577
730 0.7071 2.8284
731 0.7778 2.8991
732 0.8485 2.9698
733 0.9192 3.0406
734 0.9899 3.1113
735 1.0607 3.1820
736 1.1314 3.2527
737 1.2021 3.3234
738 1.2728 3.3941
739 1.3435 3.4648
740 1.4142 3.5355
741 1.4849 3.6062
742 1.5556 3.6770
743 1.6263 3.7477
744 1.6971 3.8184
745 -1.0607 1.2021
746 -0.9899 1.2728
747 -0.9192 1.3435
748 -0.8485 1.4142
749 -0.7778 1.4849
750 -0.7071 1.5556
751 -0.6364 1.6263
752 -0.5657 1.6971
753 -0.4950 1.7678
754 -0.4243 1.8385
755 -0.3536 1.9092
756 -0.2828 1.9799
757 -0.2121 2.0506
758 -0.1414 2.1213
759 -0.0707 2.1920
760 0.0000 2.2627
761 0.0707 2.3335
762 0.1414 2.4042
763 0.2121 2.4749
764 0.2828 2.5456
765 0.3536 2.6163
766 0.4243 2.6870
767 0.4950 2.7577
768 0.5657 2.8284
769 0.6364 2.8991
770 0.7071 2.9698
771 0.7778 3.0406
772 0.8485 3.1113
773 0.9192 3.1820
774 0.9899 3.2527
775 1.0607 3.3234
776 1.1314 3.3941
777 1.2021 3.4648
778 1.2728 3.5355
779 1.3435 3.6062
780 1.4142 3.6770
781 1.4849 3.7477
782 1.5556 3.8184
783 1.6263 3.8891
784 -1.1314 1.2728
785 -1.0607 1.3435
786 -0.9899 1.4142
787 -0.9192 1.4849
788 -0.8485 1.5556
789 -0.7778 1.6263
790 -0.7071 1.6971
791 -0.6364 1.7678
792 -0.5657 1.8385
793 -0.4950 1.9092
794 -0.4243 1.9799
795 -0.3536 2.0506
796 -0.2828 2.1213
797 -0.2121 2.1920
798 -0.1414 2.2627
799 -0.0707 2.3335
800 0.0000 2.4042
801 0.0707 2.4749
802 0.1414 2.5456
803 0.2121 2.6163
804 0.2828 2.6870
805 0.3536 2.7577
806 0.4243 2.8284
807 0.4950 2.8991
808 0.5657 2.9698
809 0.6364 3.0406
810 0.7071 3.1113
811 0.7778 3.1820
812 0.8485 3.2527
813 0.9192 3.3234
814 0.9899 3.3941
815 1.0607 3.4648
816 1.1314 3.5355
817 1.2021 3.6062
818 1.2728 3.6770
819 1.3435 3.7477
820 1.4142 3.8184
821 1.4849 3.8891
822 1.5556 3.9598
823 -1.2021 1.3435
824 -1.1314 1.4142
825 -1.0607 1.4849
826 -0.9899 1.5556
827 -0.9192 1.6263
828 -0.8485 1.6971
829 -0.7778 1.7678
830 -0.7071 1.8385
831 -0.6364 1.9092
832 -0.5657 1.9799
833 -0.4950 2.0506
834 -0.4243 2.1213
835 -0.3536 2.1920
836 -0.2828 2.2627
837 -0.2121 2.3335
838 -0.1414 2.4042
839 -0.0707 2.4749
840 0.0000 2.5456
841 0.0707 2.6163
842 0.1414 2.6870
843 0.2121 2.7577
844 0.2828 2.8284
845 0.3536 2.8991
846 0.4243 2.9698
847 0.4950 3.0406
848 0.5657 3.1113
849 0.6364 3.1820
850 0.7071 3.2527
851 0.7778 3.3234
852 0.8485 3.3941
853 0.9192 3.4648
854 0.9899 3.5355
855 1.0607 3.6062
856 1.1314 3.6770
857 1.2021 3.7477
858 1.2728 3.8184
859 1.3435 3.8891
860 1.4142 3.9598
861 1.4849 4.0305
862 -1.2728 1.4142
863 -1.2021 1.4849
864 -1.1314 1.5556
865 -1.0607 1.6263
866 -0.9899 1.6971
867 -0.9192 1.7678
868 -0.8485 1.8385
869 -0.7778 1.9092
870 -0.7071 1.9799
871 -0.6364 2.0506
872 -0.5657 2.1213
873 -0.4950 2.1920
874 -0.4243 2.2627
875 -0.3536 2.3335
876 -0.2828 2.4042
877 -0.2121 2.4749
878 -0.1414 2.5456
879 -0.0707 2.6163
880 0.0000 2.6870
881 0.0707 2.7577
882 0.1414 2.8284
883 0.2121 2.8991
884 0.2828 2.9698
885 0.3536 3.0406
886 0.4243 3.1113
887 0.4950 3.1820
888 0.5657 3.2527
889 0.6364 3.3234
890 0.7071 3.3941
891 0.7778 3.4648
892 0.8485 3.5355
893 0.9192 3.6062
894 0.9899 3.6770
895 1.0607 3.7477
896 1.1314 3.8184
897 1.2021 3.8891
898 1.2728 3.9598
899 1.3435 4.0305
900 1.4142 4.1012
901 -1.3435 1.4849
902 -1.2728 1.5556
903 -1.2021 1.6263
904 -1.1314 1.6971
905 -1.0607 1.7678
906 -0.9899 1.8385
907 -0.9192 1.9092
908 -0.8485 1.9799
909 -0.7778 2.0506
910 -0.7071 2.1213
911 -0.6364 2.1920
912 -0.5657 2.2627
913 -0.4950 2.3335
914 -0.4243 2.4042
915 -0.3536 2.4749
916 -0.2828 2.5456
917 -0.2121 2.6163
918 -0.1414 2.6870
919 -0.0707 2.7577
920 -0.0000 2.8284
921 0.0707 2.8991
922 0.1414 2.9698
923 0.2121 3.0406
924 0.2828 3.1113
925 0.3536 3.1820
926 0.4243 3.2527
927 0.4950 3.3234
928 0.5657 3.3941
929 0.6364 3.4648
930 0.7071 3.5355
931 0.7778 3.6062
932 0.8485 3.6770
933 0.9192 3.7477
934 0.9899 3.8184
935 1.0607 3.8891
936 1.1314 3.9598
937 1.2021 4.0305
938 1.2728 4.1012
939 1.3435 4.1719
940 -1.4142 1.5556
941 -1.3435 1.6263
942 -1.2728 1.6971
943 -1.2021 1.7678
944 -1.1314 1.8385
945 -1.0607 1.9092
946 -0.9899 1.9799
947 -0.9192 2.0506
948 -0.8485 2.1213
949 -0.7778 2.1920
950 -0.7071 2.2627
951 -0.6364 2.3335
952 -0.5657 2.4042
953 -0.4950 2.4749
954 -0.4243 2.5456
955 -0.3536 2.6163
956 -0.2828 2.6870
957 -0.2121 2.7577
958 -0.1414 2.8284
959 -0.0707 2.8991
960 -0.0000 2.9698
961 0.0707 3.0406
962 0.1414 3.1113
963 0.2121 3.1820
964 0.2828 3.2527
965 0.3536 3.3234
966 0.4243 3.3941
967 0.4950 3.4648
968 0.5657 3.5355
969 0.6364 3.6062
970 0.7071 3.6770
971 0.7778 3.7477
972 0.8485 3.8184
973 0.9192 3.8891
974 0.9899 3.9598
975 1.0607 4.0305
976 1.1314 4.1012
977 1.2021 4.1719
978 1.2728 4.2426
979 -1.4849 1.6263
980 -1.4142 1.6971
981 -1.3435 1.7678
982 -1.2728 1.8385
983 -1.2021 1.9092
984 -1.1314 1.9799
985 -1.0607 2.0506
986 -0.9899 2.1213
987 -0.9192 2.1920
988 -0.8485 2.2627
989 -0.7778 2.3335
990 -0.7071 2.4042
991 -0.6364 2.4749
992 -0.5657 2.5456
993 -0.4950 2.6163
994 -0.4243 2.6870
995 -0.3536 2.7577
996 -0.2828 2.8284
997 -0.2121 2.8991
998 -0.1414 2.9698
999 -0.0707 3.0406
1000 -0.0000 3.1113
1001 0.0707 3.1820
1002 0.1414 3.2527
1003 0.2121 3.3234
1004 0.2828 3.3941
1005 0.3536 3.4648
1006 0.4243 3.5355
1007 0.4950 3.6062
1008 0.5657 3.6770
1009 0.6364 3.7477
1010 0.7071 3.8184
1011 0.7778 3.8891
1012 0.8485 3.9598
1013 0.9192 4.0305
1014 0.9899 4.1012
1015 1.0607 4.1719
1016 1.1314 4.2426
1017 1.2021 4.3134
1018 -1.5556 1.6971
1019 -1.4849 1.7678
1020 -1.4142 1.8385
1021 -1.3435 1.9092
1022 -1.2728 1.9799
1023 -1.2021 2.0506
1024 -1.1314 2.1213
1025 -1.0607 2.1920
1026 -0.9899 2.2627
1027 -0.9192 2.3335
1028 -0.8485 2.4042
1029 -0.7778 2.4749
1030 -0.7071 2.5456
1031 -0.6364 2.6163
1032 -0.5657 2.6870
1033 -0.4950 2.7577
1034 -0.4243 2.8284
1035 -0.3536 2.8991
1036 -0.2828 2.9698
1037 -0.2121 3.0406
1038 -0.1414 3.1113
1039 -0.0707 3.1820
1040 -0.0000 3.2527
1041 0.0707 3.3234
1042 0.1414 3.3941
1043 0.2121 3.4648
1044 0.2828 3.5355
1045 0.3536 3.6062
1046 0.4243 3.6770
1047 0.4950 3.7477
1048 0.5657 3.8184
1049 0.6364 3.8891
1050 0.7071 3.9598
1051 0.7778 4.0305
1052 0.8485 4.1012
1053 0.9192 4.1719
1054 0.9899 4.2426
1055 1.0607 4.3134
1056 1.1314 4.3841
1057 -1.6263 1.7678
1058 -1.5556 1.8385
1059 -1.4849 1.9092
1060 -1.4142 1.9799
1061 -1.3435 2.0506
1062 -1.2728 2.1213
1063 -1.2021 2.1920
1064 -1.1314 2.2627
1065 -1.0607 2.3335
1066 -0.9899 2.4042
1067 -0.9192 2.4749
1068 -0.8485 2.5456
1069 -0.7778 2.6163
1070 -0.7071 2.6870
1071 -0.6364 2.7577
1072 -0.5657 2.8284
1073 -0.4950 2.8991
1074 -0.4243 2.9698
1075 -0.3536 3.0406
1076 -0.2828 3.1113
1077 -0.2121 3.1820
1078 -0.1414 3.2527
1079 -0.0707 3.3234
1080 -0.0000 3.3941
1081 0.0707 3.4648
1082 0.1414 3.5355
1083 0.2121 3.6062
1084 0.2828 3.6770
1085 0.3536 3.7477
1086 0.4243 3.8184
1087 0.4950 3.8891
1088 0.5657 3.9598
1089 0.6364 4.0305
1090 0.7071 4.1012
1091 0.7778 4.1719
1092 0.8485 4.2426
1093 0.9192 4.3134
1094 0.9899 4.3841
1095 1.0607 4.4548
1096 -1.6971 1.8385
1097 -1.6263 1.9092
1098 -1.5556 1.9799
1099 -1.4849 2.0506
1100 -1.4142 2.1213
1101 -1.3435 2.1920
1102 -1.2728 2.2627
1103 -1.2021 2.3335
1104 -1.1314 2.4042
1105 -1.0607 2.4749
1106 -0.9899 2.5456
1107 -0.9192 2.6163
1108 -0.8485 2.6870
1109 -0.7778 2.7577
1110 -0.7071 2.8284
1111 -0.6364 2.8991
1112 -0.5657 2.9698
1113 -0.4950 3.0406
1114 -0.4243 3.1113
1115 -0.3536 3.1820
1116 -0.2828 3.2527
1117 -0.2121 3.3234
1118 -0.1414 3.3941
1119 -0.0707 3.4648
1120 -0.0000 3.5355
1121 0.0707 3.6062
1122 0.1414 3.6770
1123 0.2121 3.7477
1124 0.2828 3.8184
1125 0.3536 3.8891
1126 0.4243 3.9598
1127 0.4950 4.0305
1128 0.5657 4.1012
1129 0.6364 4.1719
1130 0.7071 4.2426
1131 0.7778 4.3134
1132 0.8485 4.3841
1133 0.9192 4.4548
1134 0.9899 4.5255
1135 -1.7678 1.9092
1136 -1.6971 1.9799
1137 -1.6263 2.0506
1138 -1.5556 2.1213
1139 -1.4849 2.1920
1140 -1.4142 2.2627
1141 -1.3435 2.3335
1142 -1.2728 2.4042
1143 -1.2021 2.4749
1144 -1.1314 2.5456
1145 -1.0607 2.6163
1146 -0.9899 2.6870
1147 -0.9192 2.7577
1148 -0.8485 2.8284
1149 -0.7778 2.8991
1150 -0.7071 2.9698
1151 -0.6364 3.0406
1152 -0.5657 3.1113
1153 -0.4950 3.1820
1154 -0.4243 3.2527
1155 -0.3536 3.3234
1156 -0.2828 3.3941
1157 -0.2121 3.4648
1158 -0.1414 3.5355
1159 -0.0707 3.6062
1160 -0.0000 3.6770
1161 0.0707 3.7477
1162 0.1414 3.8184
1163 0.2121 3.8891
1164 0.2828 3.9598
1165 0.3536 4.0305
1166 0.4243 4.1012
1167 0.4950 4.1719
1168 0.5657 4.2426
1169 0.6364 4.3134
1170 0.7071 4.3841
1171 0.7778 4.4548
1172 0.8485 4.5255
1173 0.9192 4.5962
1174 -1.8385 1.9799
1175 -1.7678 2.0506
1176 -1.6971 2.1213
1177 -1.6263 2.1920
1178 -1.5556 2.2627
1179 -1.4849 2.3335
1180 -1.4142 2.4042
1181 -1.3435 2.4749
1182 -1.2728 2.5456
1183 -1.2021 2.6163
1184 -1.1314 2.6870
1185 -1.0607 2.7577
1186 -0.9899 2.8284
1187 -0.9192 2.8991
1188 -0.8485 2.9698
1189 -0.7778 3.0406
1190 -0.7071 3.1113
1191 -0.6364 3.1820
1192 -0.5657 3.2527
1193 -0.4950 3.3234
1194 -0.4243 3.3941
1195 -0.3536 3.4648
1196 -0.2828 3.5355
1197 -0.2121 3.6062
1198 -0.1414 3.6770
1199 -0.0707 3.7477
1200 -0.0000 3.8184
1201 0.0707 3.8891
1202 0.1414 3.9598
1203 0.2121 4.0305
1204 0.2828 4.1012
1205 0.3536 4.1719
1206 0.4243 4.2426
1207 0.4950 4.3134
1208 0.5657 4.3841
1209 0.6364 4.4548
1210 0.7071 4.5255
1211 0.7778 4.5962
1212 0.8485 4.6669
1213 -1.9092 2.0506
1214 -1.8385 2.1213
1215 -1.7678 2.1920
1216 -1.6971 2.2627
1217 -1.6263 2.3335
1218 -1.5556 2.4042
1219 -1.4849 2.4749
1220 -1.4142 2.5456
1221 -1.3435 2.6163
1222 -1.2728 2.6870
1223 -1.2021 2.7577
1224 -1.1314 2.8284
1225 -1.0607 2.8991
1226 -0.9899 2.9698
1227 -0.9192 3.0406
1228 -0.8485 3.1113
1229 -0.7778 3.1820
1230 -0.7071 3.2527
1231 -0.6364 3.3234
1232 -0.5657 3.3941
1233 -0.4950 3.4648
1234 -0.4243 3.5355
1235 -0.3536 3.6062
1236 -0.2828 3.6770
1237 -0.2121 3.7477
1238 -0.1414 3.8184
1239 -0.0707 3.8891
1240 -0.0000 3.9598
1241 0.0707 4.0305
1242 0.1414 4.1012
1243 0.2121 4.1719
1244 0.2828 4.2426
1245 0.3536 4.3134
1246 0.4243 4.3841
1247 0.4950 4.4548
1248 0.5657 4.5255
1249 0.6364 4.5962
1250 0.7071 4.6669
1251 0.7778 4.7376
1252 -1.9799 2.1213
1253 -1.9092 2.1920
1254 -1.8385 2.2627
1255 -1.7678 2.3335
1256 -1.6971 2.4042
1257 -1.6263 2.4749
1258 -1.5556 2.5456
1259 -1.4849 2.6163
1260 -1.4142 2.6870
1261 -1.3435 2.7577
1262 -1.2728 2.8284
1263 -1.2021 2.8991
1264 -1.1314 2.9698
1265 -1.0607 3.0406
1266 -0.9899 3.1113
1267 -0.9192 3.1820
1268 -0.8485 3.2527
1269 -0.7778 3.3234
1270 -0.7071 3.3941
1271 -0.6364 3.4648
1272 -0.5657 3.5355
1273 -0.4950 3.6062
1274 -0.4243 3.6770
1275 -0.3536 3.7477
1276 -0.2828 3.8184
1277 -0.2121 3.8891
1278 -0.1414 3.9598
1279 -0.0707 4.0305
1280 -0.0000 4.1012
1281 0.0707 4.1719
1282 0.1414 4.2426
1283 0.2121 4.3134
1284 0.2828 4.3841
1285 0.3536 4.4548
1286 0.4243 4.5255
1287 0.4950 4.5962
1288 0.5657 4.6669
1289 0.6364 4.7376
1290 0.7071 4.8083
1291 -2.0506 2.1920
1292 -1.9799 2.2627
1293 -1.9092 2.3335
1294 -1.8385 2.4042
1295 -1.7678 2.4749
1296 -1.6971 2.5456
1297 -1.6263 2.6163
1298 -1.5556 2.6870
1299 -1.4849 2.7577
1300 -1.4142 2.8284
1301 -1.3435 2.8991
1302 -1.2728 2.9698
1303 -1.2021 3.0406
1304 -1.1314 3.1113
1305 -1.0607 3.1820
1306 -0.9899 3.2527
1307 -0.9192 3.3234
1308 -0.8485 3.3941
1309 -0.7778 3.4648
1310 -0.7071 3.5355
1311 -0.6364 3.6062
1312 -0.5657 3.6770
1313 -0.4950 3.7477
1314 -0.4243 3.8184
1315 -0.3536 3.8891
1316 -0.2828 3.9598
1317 -0.2121 4.0305
1318 -0.1414 4.1012
1319 -0.0707 4.1719
1320 -0.0000 4.2426
1321 0.0707 4.3134
1322 0.1414 4.3841
1323 0.2121 4.4548
1324 0.2828 4.5255
1325 0.3536 4.5962
1326 0.4243 4.6669
1327 0.4950 4.7376
1328 0.5657 4.8083
1329 0.6364 4.8790
1330 -2.1213 2.2627
1331 -2.0506 2.3335
1332 -1.9799 2.4042
1333 -1.9092 2.4749
1334 -1.8385 2.5456
1335 -1.7678 2.6163
1336 -1.6971 2.6870
1337 -1.6263 2.7577
1338 -1.5556 2.8284
1339 -1.4849 2.8991
1340 -1.4142 2.9698
1341 -1.3435 3.0406
1342 -1.2728 3.1113
1343 -1.2021 3.1820
1344 -1.1314 3.2527
1345 -1.0607 3.3234
1346 -0.9899 3.3941
1347 -0.9192 3.4648
1348 -0.8485 3.5355
1349 -0.7778 3.6062
1350 -0.7071 3.6770
1351 -0.6364 3.7477
1352 -0.5657 3.8184
1353 -0.4950 3.8891
1354 -0.4243 3.9598
1355 -0.3536 4.0305
1356 -0.2828 4.1012
1357 -0.2121 4.1719
1358 -0.1414 4.2426
1359 -0.0707 4.3134
1360 -0.0000 4.3841
1361 0.0707 4.4548
1362 0.1414 4.5255
1363 0.2121 4.5962
1364 0.2828 4.6669
1365 0.3536 4.7376
1366 0.4243 4.8083
1367 0.4950 4.8790
1368 0.5657 4.9497
1369 -2.1920 2.3335
1370 -2.1213 2.4042
1371 -2.0506 2.4749
1372 -1.9799 2.5456
1373 -1.9092 2.6163
1374 -1.8385 2.6870
1375 -1.7678 2.7577
1376 -1.6971 2.8284
1377 -1.6263 2.8991
1378 -1.5556 2.9698
1379 -1.4849 3.0406
1380 -1.4142 3.1113
1381 -1.3435 3.1820
1382 -1.2728 3.2527
1383 -1.2021 3.3234
1384 -1.1314 3.3941
1385 -1.0607 3.4648
1386 -0.9899 3.5355
1387 -0.9192 3.6062
1388 -0.8485 3.6770
1389 -0.7778 3.7477
1390 -0.7071 3.8184
1391 -0.6364 3.8891
1392 -0.5657 3.9598
1393 -0.4950 4.0305
1394 -0.4243 4.1012
1395 -0.3536 4.1719
1396 -0.2828 4.2426
1397 -0.2121 4.3134
1398 -0.1414 4.3841
1399 -0.0707 4.4548
1400 -0.0000 4.5255
1401 0.0707 4.5962
1402 0.1414 4.6669
1403 0.2121 4.7376
1404 0.2828 4.8083
1405 0.3536 4.8790
1406 0.4243 4.9497
1407 0.4950 5.0205
1408 -2.2627 2.4042
1409 -2.1920 2.4749
1410 -2.1213 2.5456
1411 -2.0506 2.6163
1412 -1.9799 2.6870
1413 -1.9092 2.7577
1414 -1.8385 2.8284
1415 -1.7678 2.8991
1416 -1.6971 2.9698
1417 -1.6263 3.0406
1418 -1.5556 3.1113
1419 -1.4849 3.1820
1420 -1.4142 3.2527
1421 -1.3435 3.3234
1422 -1.2728 3.3941
1423 -1.2021 3.4648
1424 -1.1314 3.5355
1425 -1.0607 3.6062
1426 -0.9899 3.6770
1427 -0.9192 3.7477
1428 -0.8485 3.8184
1429 -0.7778 3.8891
1430 -0.7071 3.9598
1431 -0.6364 4.0305
1432 -0.5657 4.1012
1433 -0.4950 4.1719
1434 -0.4243 4.2426
1435 -0.3536 4.3134
1436 -0.2828 4.3841
1437 -0.2121 4.4548
1438 -0.1414 4.5255
1439 -0.0707 4.5962
1440 -0.0000 4.6669
1441 0.0707 4.7376
1442 0.1414 4.8083
1443 0.2121 4.8790
1444 0.2828 4.9497
1445 0.3536 5.0205
1446 0.4243 5.0912
1447 -2.3335 2.4749
1448 -2.2627 2.5456
1449 -2.1920 2.6163
1450 -2.1213 2.6870
1451 -2.0506 2.7577
1452 -1.9799 2.8284
1453 -1.9092 2.8991
1454 -1.8385 2.9698
1455 -1.7678 3.0406
1456 -1.6971 3.1113
1457 -1.6263 3.1820
1458 -1.5556 3.2527
1459 -1.4849 3.3234
1460 -1.4142 3.3941
1461 -1.3435 3.4648
1462 -1.2728 3.5355
1463 -1.2021 3.6062
1464 -1.1314 3.6770
1465 -1.0607 3.7477
1466 -0.9899 3.8184
1467 -0.9192 3.8891
1468 -0.8485 3.9598
1469 -0.7778 4.0305
1470 -0.7071 4.1012
1471 -0.6364 4.1719
1472 -0.5657 4.2426
1473 -0.4950 4.3134
1474 -0.4243 4.3841
1475 -0.3536 4.4548
1476 -0.2828 4.5255
1477 -0.2121 4.5962
1478 -0.1414 4.6669
1479 -0.0707 4.7376
1480 -0.0000 4.8083
1481 0.0707 4.8790
1482 0.1414 4.9497
1483 0.2121 5.0205
1484 0.2828 5.0912
1485 0.3536 5.1619
1486 -2.4042 2.5456
1487 -2.3335 2.6163
1488 -2.2627 2.6870
1489 -2.1920 2.7577
1490 -2.1213 2.8284
1491 -2.0506 2.8991
1492 -1.9799 2.9698
1493 -1.9092 3.0406
1494 -1.8385 3.1113
1495 -1.7678 3.1820
1496 -1.6971 3.2527
1497 -1.6263 3.3234
1498 -1.5556 3.3941
1499 -1.4849 3.4648
1500 -1.4142 3.5355
1501 -1.3435 3.6062
1502 -1.2728 3.6770
1503 -1.2021 3.7477
1504 -1.1314 3.8184
1505 -1.0607 3.8891
1506 -0.9899 3.9598
1507 -0.9192 4.0305
1508 -0.8485 4.1012
1509 -0.7778 4.1719
1510 -0.7071 4.2426
1511 -0.6364 4.3134
1512 -0.5657 4.3841
1513 -0.4950 4.4548
1514 -0.4243 4.5255
1515 -0.3536 4.5962
1516 -0.2828 4.6669
1517 -0.2121 4.7376
1518 -0.1414 4.8083
1519 -0.0707 4.8790
1520 -0.0000 4.9497
1521 0.0707 5.0205
1522 0.1414 5.0912
1523 0.2121 5.1619
1524 0.2828 5.2326
1525 -2.4749 2.6163
1526 -2.4042 2.6870
1527 -2.3335 2.7577
1528 -2.2627 2.8284
1529 -2.1920 2.8991
1530 -2.1213 2.9698
1531 -2.0506 3.0406
1532 -1.9799 3.1113
1533 -1.9092 3.1820
1534 -1.8385 3.2527
1535 -1.7678 3.3234
1536 -1.6971 3.3941
1537 -1.6263 3.4648
1538 -1.5556 3.5355
1539 -1.4849 3.6062
1540 -1.4142 3.6770
1541 -1.3435 3.7477
1542 -1.2728 3.8184
1543 -1.2021 3.8891
1544 -1.1314 3.9598
1545 -1.0607 4.0305
1546 -0.9899 4.1012
1547 -0.9192 4.1719
1548 -0.8485 4.2426
1549 -0.7778 4.3134
1550 -0.7071 4.3841
1551 -0.6364 4.4548
1552 -0.5657 4.5255
1553 -0.4950 4.5962
1554 -0.4243 4.6669
1555 -0.3536 4.7376
1556 -0.2828 4.8083
1557 -0.2121 4.8790
1558 -0.1414 4.9497
1559 -0.0707 5.0205
1560 -0.0000 5.0912
1561 0.0707 5.1619
1562 0.1414 5.2326
1563 0.2121 5.3033
1564 -2.5456 2.6870
1565 -2.4749 2.7577
1566 -2.4042 2.8284
1567 -2.3335 2.8991
1568 -2.2627 2.9698
1569 -2.1920 3.0406
1570 -2.1213 3.1113
1571 -2.0506 3.1820
1572 -1.9799 3.2527
1573 -1.9092 3.3234
1574 -1.8385 3.3941
1575 -1.7678 3.4648
1576 -1.6971 3.5355
1577 -1.6263 3.6062
1578 -1.5556 3.6770
1579 -1.4849 3.7477
1580 -1.4142 3.8184
1581 -1.3435 3.8891
1582 -1.2728 3.9598
1583 -1.2021 4.0305
1584 -1.1314 4.1012
1585 -1.0607 4.1719
1586 -0.9899 4.2426
1587 -0.9192 4.3134
1588 -0.8485 4.3841
1589 -0.7778 4.4548
1590 -0.7071 4.5255
1591 -0.6364 4.5962
1592 -0.5657 4.6669
1593 -0.4950 4.7376
1594 -0.4243 4.8083
1595 -0.3536 4.8790
1596 -0.2828 4.9497
1597 -0.2121 5.0205
1598 -0.1414 5.0912
1599 -0.0707 5.1619
1600 -0.0000 5.2326
1601 0.0707 5.3033
1602 0.1414 5.3740
1603 -2.6163 2.7577
1604 -2.5456 2.8284
1605 -2.4749 2.8991
1606 -2.4042 2.9698
1607 -2.3335 3.0406
1608 -2.2627 3.1113
1609 -2.1920 3.1820
1610 -2.1213 3.2527
1611 -2.0506 3.3234
1612 -1.9799 3.3941
1613 -1.9092 3.4648
1614 -1.8385 3.5355
1615 -1.7678 3.6062
1616 -1.6971 3.6770
1617 -1.6263 3.7477
1618 -1.5556 3.8184
1619 -1.4849 3.8891
1620 -1.4142 3.9598
1621 -1.3435 4.0305
1622 -1.2728 4.1012
1623 -1.2021 4.1719
1624 -1.1314 4.2426
1625 -1.0607 4.3134
1626 -0.9899 4.3841
1627 -0.9192 4.4548
1628 -0.8485 4.5255
1629 -0.7778 4.5962
1630 -0.7071 4.6669
1631 -0.6364 4.7376
1632 -0.5657 4.8083
1633 -0.4950 4.8790
1634 -0.4243 4.9497
1635 -0.3536 5.0205
1636 -0.2828 5.0912
1637 -0.2121 5.1619
1638 -0.1414 5.2326
1639 -0.0707 5.3033
1640 -0.0000 5.3740
1641 0.0707 5.4447
1642 -2.6870 2.8284
1643 -2.6163 2.8991
1644 -2.5456 2.9698
1645 -2.4749 3.0406
1646 -2.4042 3.1113
1647 -2.3335 3.1820
1648 -2.2627 3.2527
1649 -2.1920 3.3234
1650 -2.1213 3.3941
1651 -2.0506 3.4648
1652 -1.9799 3.5355
1653 -1.9092 3.6062
1654 -1.8385 3.6770
1655 -1.7678 3.7477
1656 -1.6971 3.8184
1657 -1.6263 3.8891
1658 -1.5556 3.9598
1659 -1.4849 4.0305
1660 -1.4142 4.1012
1661 -1.3435 4.1719
1662 -1.2728 4.2426
1663 -1.2021 4.3134
1664 -1.1314 4.3841
1665 -1.0607 4.4548
1666 -0.9899 4.5255
1667 -0.9192 4.5962
1668 -0.8485 4.6669
1669 -0.7778 4.7376
1670 -0.7071 4.8083
1671 -0.6364 4.8790
1672 -0.5657 4.9497
1673 -0.4950 5.0205
1674 -0.4243 5.0912
1675 -0.3536 5.1619
1676 -0.2828 5.2326
1677 -0.2121 5.3033
1678 -0.1414 5.3740
1679 -0.0707 5.4447
1680 0.0000 5.5154
