0 2 0 1483 630 539
1 2 0 1291 578 621
2 2 0 1144 630 151
3 2 0 256 578 1291
4 2 0 539 630 1144
5 2 0 587 1321 584
6 2 0 279 1483 539
7 2 0 584 1321 290
8 2 0 513 1100 639
9 2 0 1100 149 639
10 2 0 652 585 1309
11 2 0 541 1264 631
12 2 0 585 154 1309
13 2 0 1458 586 576
14 2 0 278 1458 576
15 2 0 532 711 1177
16 2 0 1264 248 631
17 2 0 1479 498 824
18 2 0 1267 886 344
19 2 0 884 215 730
20 2 0 473 884 730
21 2 0 1177 711 262
22 2 0 1035 161 688
23 2 0 498 1035 688
24 2 0 57 58 904
25 2 0 1084 382 1427
26 2 0 904 58 1020
27 2 0 532 886 1267
28 2 0 321 1112 957
29 2 0 134 748 1021
30 2 0 124 582 970
31 2 0 121 122 772
32 2 0 137 500 763
33 2 0 355 1050 596
34 2 0 221 746 475
35 2 0 276 469 715
36 2 0 862 1090 198
37 2 0 276 740 469
38 2 0 1427 382 549
39 2 0 238 466 1022
40 2 0 121 772 936
41 2 0 482 1041 820
42 2 0 355 874 1050
43 2 0 1041 148 820
44 2 0 1417 249 765
45 2 0 1090 656 198
46 2 0 1281 466 238
47 2 0 336 689 641
48 2 0 307 641 689
49 2 0 171 512 959
50 2 0 746 952 328
51 2 0 496 952 746
52 2 0 126 970 659
53 2 0 765 1121 326
54 2 0 558 1417 765
55 2 0 315 470 884
56 2 0 215 884 470
57 2 0 511 1288 1111
58 2 0 1310 678 260
59 2 0 326 558 765
60 2 0 382 646 549
61 2 0 259 509 1316
62 2 0 336 544 689
63 2 0 382 597 670
64 2 0 124 970 125
65 2 0 273 670 597
66 2 0 186 689 544
67 2 0 1423 777 604
68 2 0 326 1121 568
69 2 0 178 576 586
70 2 0 228 498 1479
71 2 0 273 1016 553
72 2 0 313 505 1107
73 2 0 583 678 1310
74 2 0 192 951 705
75 2 0 474 705 951
76 2 0 642 1139 1407
77 2 0 390 521 1218
78 2 0 334 712 850
79 2 0 233 1108 505
80 2 0 197 886 532
81 2 0 712 1064 850
82 2 0 221 475 711
83 2 0 189 481 681
84 2 0 485 973 785
85 2 0 268 1092 517
86 2 0 277 1139 642
87 2 0 449 622 1031
88 2 0 353 985 592
89 2 0 165 1031 622
90 2 0 973 254 785
91 2 0 1025 687 184
92 2 0 321 599 1112
93 2 0 183 587 1040
94 2 0 486 687 1025
95 2 0 719 1061 1145
96 2 0 237 638 880
97 2 0 432 667 835
98 2 0 304 976 499
99 2 0 331 582 642
100 2 0 298 757 474
101 2 0 352 801 601
102 2 0 257 601 801
103 2 0 271 587 584
104 2 0 315 851 470
105 2 0 277 642 582
106 2 0 298 554 757
107 2 0 215 470 889
108 2 0 224 484 1178
109 2 0 511 1111 1410
110 2 0 183 1040 610
111 2 0 509 716 1316
112 2 0 273 597 1016
113 2 0 71 641 717
114 2 0 508 1403 660
115 2 0 268 594 1056
116 2 0 545 902 1229
117 2 0 345 671 698
118 2 0 721 289 1133
119 2 0 1403 230 660
120 2 0 282 698 671
121 2 0 125 970 126
122 2 0 476 217 906
123 2 0 116 697 815
124 2 0 533 721 1133
125 2 0 257 873 601
126 2 0 156 1413 506
127 2 0 414 1061 719
128 2 0 244 568 1212
129 2 0 298 474 951
130 2 0 270 503 843
131 2 0 506 1413 827
132 2 0 41 673 870
133 2 0 39 40 536
134 2 0 1383 217 476
135 2 0 489 793 1103
136 2 0 133 748 134
137 2 0 7 8 619
138 2 0 1340 452 942
139 2 0 221 496 746
140 2 0 353 592 949
141 2 0 268 517 651
142 2 0 480 607 1198
143 2 0 253 1198 607
144 2 0 150 1233 682
145 2 0 172 1095 577
146 2 0 594 720 1056
147 2 0 521 657 1218
148 2 0 61 62 542
149 2 0 232 1103 793
150 2 0 255 570 636
151 2 0 145 1423 604
152 2 0 165 1222 785
153 2 0 281 498 688
154 2 0 1488 1209 239
155 2 0 187 1019 605
156 2 0 176 657 521
157 2 0 273 1095 1315
158 2 0 366 600 832
159 2 0 524 1240 766
160 2 0 295 507 1065
161 2 0 343 1187 905
162 2 0 420 1051 591
163 2 0 1229 902 456
164 2 0 164 591 1051
165 2 0 266 537 694
166 2 0 1240 261 766
167 2 0 297 828 784
168 2 0 151 707 584
169 2 0 483 1111 1288
170 2 0 120 936 528
171 2 0 343 676 1187
172 2 0 223 752 726
173 2 0 312 621 578
174 2 0 346 747 603
175 2 0 268 606 1092
176 2 0 188 603 747
177 2 0 51 52 550
178 2 0 189 814 481
179 2 0 386 726 752
180 2 0 538 997 1372
181 2 0 289 1134 959
182 2 0 511 1030 1288
183 2 0 162 723 943
184 2 0 468 943 723
185 2 0 653 817 1082
186 2 0 102 103 597
187 2 0 273 1315 670
188 2 0 263 1300 581
189 2 0 275 585 652
190 2 0 59 519 1020
191 2 0 228 764 531
192 2 0 172 1273 1095
193 2 0 581 1300 738
194 2 0 171 1166 512
195 2 0 441 1212 568
196 2 0 167 795 538
197 2 0 316 538 795
198 2 0 270 549 646
199 2 0 464 598 1005
200 2 0 364 653 1082
201 2 0 589 1209 1488
202 2 0 313 1107 825
203 2 0 1180 276 696
204 2 0 525 1180 696
205 2 0 511 1322 1030
206 2 0 178 835 667
207 2 0 54 1059 564
208 2 0 462 992 846
209 2 0 187 729 1019
210 2 0 224 879 484
211 2 0 281 510 713
212 2 0 465 1209 589
213 2 0 272 1186 599
214 2 0 365 569 1441
215 2 0 257 1254 873
216 2 0 10 11 562
217 2 0 283 561 1379
218 2 0 283 563 645
219 2 0 283 1379 563
220 2 0 267 681 1142
221 2 0 7 619 1009
222 2 0 365 1441 579
223 2 0 177 645 1385
224 2 0 563 1385 645
225 2 0 287 573 1330
226 2 0 292 634 607
227 2 0 71 72 641
228 2 0 270 1174 503
229 2 0 253 607 634
230 2 0 338 566 860
231 2 0 231 933 501
232 2 0 251 860 566
233 2 0 193 888 620
234 2 0 372 620 888
235 2 0 275 652 605
236 2 0 171 959 1261
237 2 0 17 18 858
238 2 0 281 713 824
239 2 0 579 1340 942
240 2 0 280 728 535
241 2 0 270 843 549
242 2 0 457 699 968
243 2 0 345 968 699
244 2 0 151 630 707
245 2 0 96 97 611
246 2 0 17 858 1272
247 2 0 505 1108 693
248 2 0 248 874 631
249 2 0 277 582 1071
250 2 0 573 799 1330
251 2 0 228 531 1036
252 2 0 170 716 509
253 2 0 272 722 1482
254 2 0 574 1022 1067
255 2 0 281 892 510
256 2 0 156 506 1151
257 2 0 21 964 558
258 2 0 599 1186 666
259 2 0 181 575 1005
260 2 0 233 547 780
261 2 0 481 1142 681
262 2 0 310 780 547
263 2 0 89 1260 1092
264 2 0 632 1086 1146
265 2 0 418 880 638
266 2 0 298 531 764
267 2 0 490 1079 869
268 2 0 234 713 510
269 2 0 600 1041 832
270 2 0 278 576 656
271 2 0 288 500 758
272 2 0 869 1079 223
273 2 0 150 682 947
274 2 0 552 1380 900
275 2 0 228 1036 498
276 2 0 264 901 1037
277 2 0 87 1092 606
278 2 0 185 496 1136
279 2 0 295 779 497
280 2 0 387 824 713
281 2 0 288 763 500
282 2 0 41 42 673
283 2 0 272 1266 722
284 2 0 102 597 1084
285 2 0 310 527 806
286 2 0 354 1372 997
287 2 0 156 806 527
288 2 0 179 623 767
289 2 0 478 876 972
290 2 0 334 767 623
291 2 0 193 561 782
292 2 0 26 551 953
293 2 0 460 708 1090
294 2 0 277 1071 609
295 2 0 485 785 1222
296 2 0 790 300 1438
297 2 0 363 1067 1022
298 2 0 409 732 640
299 2 0 286 640 732
300 2 0 306 846 992
301 2 0 185 952 496
302 2 0 259 1400 509
303 2 0 538 1179 997
304 2 0 322 1374 516
305 2 0 315 747 673
306 2 0 346 673 747
307 2 0 464 1005 1302
308 2 0 274 1439 821
309 2 0 232 680 921
310 2 0 417 921 680
311 2 0 417 1283 1066
312 2 0 174 808 1154
313 2 0 456 759 1229
314 2 0 227 520 797
315 2 0 181 1005 598
316 2 0 153 721 533
317 2 0 471 1033 1296
318 2 0 44 45 753
319 2 0 295 497 965
320 2 0 161 579 942
321 2 0 56 904 1059
322 2 0 289 684 1134
323 2 0 312 627 979
324 2 0 361 991 500
325 2 0 221 972 876
326 2 0 365 1036 531
327 2 0 152 535 706
328 2 0 593 790 1438
329 2 0 44 753 1369
330 2 0 256 900 1380
331 2 0 320 683 559
332 2 0 39 536 725
333 2 0 221 876 496
334 2 0 271 584 707
335 2 0 281 824 498
336 2 0 378 718 574
337 2 0 67 514 1412
338 2 0 304 499 1070
339 2 0 342 518 1489
340 2 0 378 784 828
341 2 0 557 1482 722
342 2 0 417 680 1283
343 2 0 326 1119 558
344 2 0 507 1154 808
345 2 0 181 731 575
346 2 0 96 611 1165
347 2 0 282 925 637
348 2 0 242 624 1074
349 2 0 168 907 661
350 2 0 303 553 1237
351 2 0 388 661 907
352 2 0 375 723 638
353 2 0 302 605 652
354 2 0 361 500 1047
355 2 0 4 57 904
356 2 0 4 904 56
357 2 0 313 871 505
358 2 0 233 505 871
359 2 0 162 638 723
360 2 0 237 1124 638
361 2 0 295 1154 507
362 2 0 355 631 874
363 2 0 649 745 1454
364 2 0 745 291 1454
365 2 0 390 1143 521
366 2 0 1 142 849
367 2 0 299 742 686
368 2 0 554 1222 757
369 2 0 163 1288 1030
370 2 0 236 737 540
371 2 0 292 540 737
372 2 0 1 849 14
373 2 0 87 88 1092
374 2 0 29 30 648
375 2 0 137 1047 500
376 2 0 499 976 664
377 2 0 434 946 886
378 2 0 184 625 1025
379 2 0 231 501 1289
380 2 0 165 785 1031
381 2 0 320 551 1135
382 2 0 397 1197 506
383 2 0 287 678 583
384 2 0 307 717 641
385 2 0 278 1090 708
386 2 0 822 1469 1068
387 2 0 155 599 666
388 2 0 287 1396 573
389 2 0 180 580 739
390 2 0 397 506 1037
391 2 0 185 502 893
392 2 0 272 1482 731
393 2 0 305 739 580
394 2 0 231 839 632
395 2 0 395 632 839
396 2 0 185 1216 502
397 2 0 341 896 862
398 2 0 55 56 1059
399 2 0 67 829 514
400 2 0 264 1475 901
401 2 0 333 543 893
402 2 0 185 893 543
403 2 0 259 699 604
404 2 0 145 1122 1162
405 2 0 127 1194 779
406 2 0 167 538 1372
407 2 0 282 671 925
408 2 0 183 555 1321
409 2 0 284 560 875
410 2 0 181 598 1247
411 2 0 557 821 1439
412 2 0 465 1247 598
413 2 0 270 556 1174
414 2 0 54 55 1059
415 2 0 517 1092 1260
416 2 0 204 822 1068
417 2 0 247 724 555
418 2 0 395 1086 632
419 2 0 287 583 1396
420 2 0 236 533 1133
421 2 0 291 518 943
422 2 0 210 1239 1184
423 2 0 751 1323 996
424 2 0 91 92 651
425 2 0 432 1177 667
426 2 0 376 690 1006
427 2 0 336 933 544
428 2 0 460 862 896
429 2 0 231 544 933
430 2 0 170 509 1206
431 2 0 312 513 931
432 2 0 153 864 613
433 2 0 285 845 1174
434 2 0 59 920 519
435 2 0 85 601 873
436 2 0 1104 984 368
437 2 0 291 813 518
438 2 0 625 1001 1025
439 2 0 437 1046 734
440 2 0 179 557 722
441 2 0 529 1296 1033
442 2 0 166 548 1169
443 2 0 403 1169 548
444 2 0 173 559 1426
445 2 0 143 530 762
446 2 0 190 592 985
447 2 0 575 731 1482
448 2 0 346 870 673
449 2 0 484 643 1178
450 2 0 311 798 643
451 2 0 238 574 718
452 2 0 148 1342 820
453 2 0 292 1196 540
454 2 0 381 1241 619
455 2 0 569 995 1441
456 2 0 137 763 138
457 2 0 187 1232 520
458 2 0 135 1021 526
459 2 0 562 984 1104
460 2 0 312 1100 513
461 2 0 188 685 618
462 2 0 626 1223 1127
463 2 0 627 788 979
464 2 0 234 510 987
465 2 0 292 539 1144
466 2 0 444 618 685
467 2 0 238 1022 574
468 2 0 210 773 1239
469 2 0 256 1380 578
470 2 0 197 532 1214
471 2 0 407 687 978
472 2 0 297 590 828
473 2 0 497 779 1194
474 2 0 455 660 1231
475 2 0 1308 807 424
476 2 0 191 745 649
477 2 0 625 807 1308
478 2 0 322 516 919
479 2 0 178 545 1131
480 2 0 377 1030 1322
481 2 0 383 847 710
482 2 0 329 686 742
483 2 0 398 665 942
484 2 0 94 95 640
485 2 0 222 1014 1322
486 2 0 144 710 847
487 2 0 161 942 665
488 2 0 222 1322 741
489 2 0 210 996 1323
490 2 0 236 1133 1167
491 2 0 40 870 536
492 2 0 690 1405 1006
493 2 0 348 655 814
494 2 0 371 1246 1363
495 2 0 340 777 1066
496 2 0 355 596 923
497 2 0 211 923 596
498 2 0 244 1004 568
499 2 0 114 1195 694
500 2 0 361 526 1052
501 2 0 340 1066 926
502 2 0 193 782 888
503 2 0 520 1232 797
504 2 0 393 1021 748
505 2 0 323 595 899
506 2 0 494 1337 634
507 2 0 253 634 1337
508 2 0 183 1321 587
509 2 0 323 815 697
510 2 0 266 1287 537
511 2 0 92 1199 651
512 2 0 143 817 530
513 2 0 456 1367 759
514 2 0 503 1174 845
515 2 0 347 1015 544
516 2 0 404 626 1127
517 2 0 113 114 694
518 2 0 301 623 701
519 2 0 176 521 852
520 2 0 32 33 738
521 2 0 139 1307 708
522 2 0 342 1489 1002
523 2 0 179 701 623
524 2 0 409 611 691
525 2 0 310 837 527
526 2 0 451 682 1233
527 2 0 204 653 842
528 2 0 364 842 653
529 2 0 135 526 916
530 2 0 186 571 883
531 2 0 88 89 1092
532 2 0 251 566 1203
533 2 0 236 811 533
534 2 0 229 527 837
535 2 0 342 1467 518
536 2 0 327 883 571
537 2 0 403 680 793
538 2 0 358 1234 519
539 2 0 619 1241 868
540 2 0 120 121 936
541 2 0 273 553 1220
542 2 0 302 797 1232
543 2 0 285 691 611
544 2 0 277 609 709
545 2 0 161 1035 579
546 2 0 316 1179 538
547 2 0 358 519 920
548 2 0 51 550 840
549 2 0 190 985 892
550 2 0 382 1182 646
551 2 0 510 892 985
552 2 0 1023 1226 169
553 2 0 382 1084 597
554 2 0 186 544 1015
555 2 0 249 559 765
556 2 0 298 951 531
557 2 0 320 863 523
558 2 0 151 584 1158
559 2 0 47 796 1463
560 2 0 149 578 1034
561 2 0 94 640 736
562 2 0 629 1240 1297
563 2 0 293 759 760
564 2 0 324 570 885
565 2 0 255 885 570
566 2 0 145 1162 754
567 2 0 380 760 759
568 2 0 365 531 1089
569 2 0 441 568 1282
570 2 0 227 960 520
571 2 0 187 520 1024
572 2 0 350 918 1140
573 2 0 448 1410 1110
574 2 0 246 1410 1111
575 2 0 420 591 781
576 2 0 242 787 571
577 2 0 274 821 1159
578 2 0 208 909 790
579 2 0 443 790 909
580 2 0 177 720 594
581 2 0 350 1038 528
582 2 0 152 1373 535
583 2 0 269 978 687
584 2 0 555 724 1321
585 2 0 303 734 1046
586 2 0 10 562 774
587 2 0 310 547 852
588 2 0 169 1226 696
589 2 0 176 852 547
590 2 0 144 1013 1101
591 2 0 290 1321 724
592 2 0 507 924 1065
593 2 0 449 860 622
594 2 0 233 780 690
595 2 0 283 782 561
596 2 0 344 886 946
597 2 0 379 690 780
598 2 0 389 1155 900
599 2 0 251 622 860
600 2 0 522 900 1155
601 2 0 350 1140 752
602 2 0 194 802 565
603 2 0 178 1131 576
604 2 0 371 1363 672
605 2 0 115 116 815
606 2 0 302 1309 560
607 2 0 504 708 1307
608 2 0 153 533 938
609 2 0 120 528 1038
610 2 0 240 1441 995
611 2 0 304 565 802
612 2 0 363 1045 1148
613 2 0 295 1065 1468
614 2 0 335 592 903
615 2 0 156 527 1258
616 2 0 363 1148 745
617 2 0 190 903 592
618 2 0 402 724 658
619 2 0 493 1407 1139
620 2 0 286 736 640
621 2 0 285 611 845
622 2 0 21 22 964
623 2 0 58 59 1020
624 2 0 391 1074 624
625 2 0 347 544 1054
626 2 0 324 1370 570
627 2 0 159 1146 1086
628 2 0 320 523 1057
629 2 0 61 542 848
630 2 0 356 1048 867
631 2 0 280 535 1053
632 2 0 172 577 939
633 2 0 409 1165 611
634 2 0 361 916 526
635 2 0 440 1112 733
636 2 0 180 828 590
637 2 0 303 1220 553
638 2 0 193 800 561
639 2 0 292 1175 539
640 2 0 471 1476 1033
641 2 0 321 704 701
642 2 0 301 701 704
643 2 0 242 1017 624
644 2 0 176 547 958
645 2 0 228 761 764
646 2 0 370 764 761
647 2 0 279 539 1075
648 2 0 317 702 679
649 2 0 225 1065 924
650 2 0 280 1053 685
651 2 0 52 823 550
652 2 0 229 1461 543
653 2 0 444 685 1053
654 2 0 314 679 702
655 2 0 529 1443 947
656 2 0 12 13 675
657 2 0 350 528 918
658 2 0 714 1192 1128
659 2 0 65 1412 614
660 2 0 365 579 1035
661 2 0 325 707 630
662 2 0 512 1167 1133
663 2 0 322 645 1374
664 2 0 296 762 789
665 2 0 229 967 527
666 2 0 297 1430 590
667 2 0 229 543 967
668 2 0 333 967 543
669 2 0 178 1094 545
670 2 0 199 919 732
671 2 0 303 1237 734
672 2 0 153 613 721
673 2 0 327 571 787
674 2 0 179 821 557
675 2 0 233 871 547
676 2 0 11 984 562
677 2 0 415 688 665
678 2 0 488 1083 954
679 2 0 230 1231 660
680 2 0 167 1372 629
681 2 0 237 1007 603
682 2 0 261 1240 629
683 2 0 301 704 878
684 2 0 185 543 952
685 2 0 566 1463 796
686 2 0 265 799 573
687 2 0 181 686 731
688 2 0 338 993 566
689 2 0 301 878 710
690 2 0 231 1054 544
691 2 0 407 706 1325
692 2 0 326 546 895
693 2 0 161 665 688
694 2 0 323 869 595
695 2 0 394 950 932
696 2 0 434 886 628
697 2 0 448 741 1410
698 2 0 1395 869 223
699 2 0 572 1422 1304
700 2 0 595 869 1395
701 2 0 236 540 1364
702 2 0 299 653 742
703 2 0 250 1072 562
704 2 0 177 594 910
705 2 0 196 714 1128
706 2 0 407 1325 1125
707 2 0 262 667 1177
708 2 0 643 798 1210
709 2 0 212 971 608
710 2 0 559 683 1426
711 2 0 1475 264 966
712 2 0 552 900 1137
713 2 0 62 988 542
714 2 0 1353 831 182
715 2 0 633 831 1353
716 2 0 166 911 548
717 2 0 610 1475 966
718 2 0 326 1004 546
719 2 0 1063 1384 220
720 2 0 292 607 1196
721 2 0 296 580 1156
722 2 0 304 1070 565
723 2 0 183 877 555
724 2 0 474 757 622
725 2 0 219 1290 1246
726 2 0 164 922 743
727 2 0 612 794 1474
728 2 0 1474 794 152
729 2 0 788 1447 1353
730 2 0 297 612 1430
731 2 0 412 743 922
732 2 0 238 718 647
733 2 0 181 1473 686
734 2 0 181 1247 1473
735 2 0 95 1165 640
736 2 0 247 555 1217
737 2 0 326 895 1119
738 2 0 182 788 1353
739 2 0 202 756 627
740 2 0 593 1149 790
741 2 0 403 548 971
742 2 0 245 781 591
743 2 0 311 627 756
744 2 0 30 1077 648
745 2 0 26 1135 551
746 2 0 934 1244 203
747 2 0 301 710 1093
748 2 0 422 986 1163
749 2 0 12 675 984
750 2 0 171 556 1361
751 2 0 25 26 953
752 2 0 174 1204 672
753 2 0 164 631 922
754 2 0 295 588 1154
755 2 0 32 738 1268
756 2 0 355 922 631
757 2 0 423 838 854
758 2 0 160 955 695
759 2 0 357 854 838
760 2 0 616 1333 958
761 2 0 305 647 718
762 2 0 401 695 955
763 2 0 784 1172 1227
764 2 0 493 1191 1212
765 2 0 104 1237 553
766 2 0 237 603 1124
767 2 0 192 1431 569
768 2 0 221 711 972
769 2 0 142 896 849
770 2 0 21 558 1119
771 2 0 379 780 806
772 2 0 104 553 1016
773 2 0 391 810 1318
774 2 0 1244 803 203
775 2 0 310 806 780
776 2 0 255 999 617
777 2 0 284 1484 560
778 2 0 195 1055 646
779 2 0 386 954 1083
780 2 0 270 1085 556
781 2 0 1384 679 220
782 2 0 298 1076 554
783 2 0 1208 240 550
784 2 0 255 620 999
785 2 0 320 1043 551
786 2 0 54 564 940
787 2 0 250 562 1104
788 2 0 550 240 995
789 2 0 254 1325 728
790 2 0 535 728 1325
791 2 0 207 1046 1006
792 2 0 427 651 1199
793 2 0 416 662 794
794 2 0 540 1196 816
795 2 0 84 85 873
796 2 0 249 551 1043
797 2 0 175 816 1196
798 2 0 198 656 760
799 2 0 529 947 787
800 2 0 191 1172 784
801 2 0 422 1163 826
802 2 0 165 622 757
803 2 0 139 708 140
804 2 0 450 1304 1422
805 2 0 68 69 677
806 2 0 340 604 777
807 2 0 732 919 1414
808 2 0 322 1256 613
809 2 0 476 908 1383
810 2 0 247 658 724
811 2 0 251 1378 622
812 2 0 249 1329 551
813 2 0 474 622 1378
814 2 0 262 711 1393
815 2 0 112 1394 825
816 2 0 320 559 1043
817 2 0 1333 176 958
818 2 0 389 751 996
819 2 0 170 671 716
820 2 0 345 716 671
821 2 0 171 1261 556
822 2 0 569 1431 995
823 2 0 296 1156 1304
824 2 0 275 976 585
825 2 0 438 1297 1240
826 2 0 133 830 748
827 2 0 332 937 581
828 2 0 293 1229 759
829 2 0 249 1043 559
830 2 0 263 581 937
831 2 0 65 66 1412
832 2 0 73 74 692
833 2 0 292 1144 634
834 2 0 366 902 1094
835 2 0 266 616 1287
836 2 0 302 560 1097
837 2 0 404 1295 626
838 2 0 19 895 1416
839 2 0 332 581 963
840 2 0 440 957 1112
841 2 0 545 1094 902
842 2 0 674 1462 954
843 2 0 357 1028 648
844 2 0 364 1082 934
845 2 0 173 1121 559
846 2 0 457 968 812
847 2 0 312 578 1100
848 2 0 295 965 588
849 2 0 234 974 719
850 2 0 209 812 968
851 2 0 330 695 924
852 2 0 414 719 974
853 2 0 320 1135 863
854 2 0 406 875 740
855 2 0 178 586 835
856 2 0 154 740 875
857 2 0 482 1366 832
858 2 0 199 691 1354
859 2 0 534 934 1082
860 2 0 192 569 1089
861 2 0 365 1089 569
862 2 0 442 694 1195
863 2 0 187 605 1232
864 2 0 266 694 1371
865 2 0 6 1009 772
866 2 0 147 1145 1061
867 2 0 301 1093 1171
868 2 0 536 870 1007
869 2 0 307 689 897
870 2 0 356 818 1048
871 2 0 173 664 1282
872 2 0 155 733 1112
873 2 0 204 742 653
874 2 0 297 794 612
875 2 0 116 117 697
876 2 0 235 1190 1127
877 2 0 415 665 1223
878 2 0 321 701 722
879 2 0 97 845 611
880 2 0 47 48 796
881 2 0 501 933 692
882 2 0 664 1276 1282
883 2 0 141 896 142
884 2 0 489 1438 793
885 2 0 179 722 701
886 2 0 234 719 713
887 2 0 387 713 719
888 2 0 318 1087 660
889 2 0 194 565 1224
890 2 0 476 1293 908
891 2 0 468 891 649
892 2 0 1372 354 1001
893 2 0 360 1023 1388
894 2 0 153 1027 864
895 2 0 168 668 907
896 2 0 672 1204 1069
897 2 0 199 1354 1134
898 2 0 66 67 1412
899 2 0 362 907 668
900 2 0 93 94 736
901 2 0 367 888 782
902 2 0 6 7 1009
903 2 0 456 902 1411
904 2 0 309 602 938
905 2 0 132 830 133
906 2 0 308 831 633
907 2 0 492 1475 1040
908 2 0 242 1296 787
909 2 0 151 1158 1362
910 2 0 378 574 1269
911 2 0 258 602 917
912 2 0 343 1184 927
913 2 0 50 840 771
914 2 0 348 726 1292
915 2 0 303 1327 1220
916 2 0 408 883 805
917 2 0 521 1143 837
918 2 0 229 837 1143
919 2 0 327 805 883
920 2 0 758 1214 1335
921 2 0 504 763 1408
922 2 0 305 580 1200
923 2 0 311 788 627
924 2 0 464 1437 598
925 2 0 348 1292 1003
926 2 0 455 1013 660
927 2 0 1462 488 954
928 2 0 613 864 1399
929 2 0 352 601 1356
930 2 0 152 794 662
931 2 0 1399 864 283
932 2 0 1455 410 572
933 2 0 268 1285 594
934 2 0 326 568 1004
935 2 0 265 661 799
936 2 0 403 793 1248
937 2 0 388 799 661
938 2 0 154 585 1357
939 2 0 174 1363 808
940 2 0 329 731 686
941 2 0 211 596 894
942 2 0 499 664 1426
943 2 0 529 787 1296
944 2 0 629 1372 1001
945 2 0 572 410 1008
946 2 0 186 1015 571
947 2 0 443 1390 617
948 2 0 572 1304 1156
949 2 0 409 640 1165
950 2 0 242 571 1017
951 2 0 465 589 1247
952 2 0 180 1156 580
953 2 0 302 652 1309
954 2 0 173 1426 664
955 2 0 610 1040 1475
956 2 0 265 573 1033
957 2 0 256 751 900
958 2 0 389 900 751
959 2 0 130 1429 676
960 2 0 207 650 1046
961 2 0 541 1051 1230
962 2 0 258 917 1409
963 2 0 353 743 987
964 2 0 144 847 1013
965 2 0 762 1255 789
966 2 0 127 779 128
967 2 0 608 1409 917
968 2 0 307 897 735
969 2 0 394 932 775
970 2 0 542 1127 1190
971 2 0 254 728 785
972 2 0 711 1267 972
973 2 0 463 657 1333
974 2 0 241 807 1387
975 2 0 333 930 783
976 2 0 28 1347 863
977 2 0 168 1060 668
978 2 0 341 792 675
979 2 0 595 1279 899
980 2 0 368 675 792
981 2 0 149 1100 578
982 2 0 537 825 1394
983 2 0 368 984 675
984 2 0 666 1319 1303
985 2 0 761 1145 1091
986 2 0 346 603 1007
987 2 0 331 960 659
988 2 0 655 1141 814
989 2 0 264 827 966
990 2 0 390 887 786
991 2 0 453 966 827
992 2 0 290 1158 584
993 2 0 312 931 627
994 2 0 331 970 582
995 2 0 197 991 628
996 2 0 194 715 802
997 2 0 155 666 1303
998 2 0 393 633 879
999 2 0 361 628 991
1000 2 0 572 1008 1422
1001 2 0 296 1242 580
1002 2 0 526 1238 1052
1003 2 0 422 826 998
1004 2 0 480 1351 607
1005 2 0 566 796 1203
1006 2 0 469 802 715
1007 2 0 438 615 1297
1008 2 0 167 1297 615
1009 2 0 460 1277 708
1010 2 0 396 956 678
1011 2 0 346 1007 870
1012 2 0 245 949 592
1013 2 0 87 606 941
1014 2 0 238 647 1281
1015 2 0 315 673 1401
1016 2 0 665 1349 1223
1017 2 0 212 608 1350
1018 2 0 387 1145 761
1019 2 0 100 1427 843
1020 2 0 459 1281 647
1021 2 0 541 631 1051
1022 2 0 247 819 749
1023 2 0 314 1284 1280
1024 2 0 490 859 1079
1025 2 0 383 749 819
1026 2 0 124 1071 582
1027 2 0 311 643 1447
1028 2 0 255 636 1098
1029 2 0 359 767 850
1030 2 0 484 1447 643
1031 2 0 248 805 682
1032 2 0 327 682 805
1033 2 0 64 770 1472
1034 2 0 241 1377 807
1035 2 0 226 832 1366
1036 2 0 470 1369 753
1037 2 0 577 1220 1327
1038 2 0 38 39 725
1039 2 0 288 835 1408
1040 2 0 385 798 756
1041 2 0 63 64 1472
1042 2 0 407 1116 687
1043 2 0 176 1333 657
1044 2 0 442 1355 644
1045 2 0 49 50 771
1046 2 0 74 1478 692
1047 2 0 536 1007 1081
1048 2 0 465 598 1312
1049 2 0 261 1308 766
1050 2 0 245 591 949
1051 2 0 235 1127 1223
1052 2 0 493 1212 729
1053 2 0 129 1429 130
1054 2 0 165 757 1222
1055 2 0 546 1416 895
1056 2 0 188 747 1189
1057 2 0 339 619 868
1058 2 0 762 1304 1311
1059 2 0 81 1042 636
1060 2 0 296 1304 762
1061 2 0 111 112 825
1062 2 0 19 20 895
1063 2 0 185 1136 702
1064 2 0 348 1279 595
1065 2 0 35 36 750
1066 2 0 335 994 592
1067 2 0 608 1341 1350
1068 2 0 245 592 994
1069 2 0 613 1256 721
1070 2 0 408 897 883
1071 2 0 272 599 1266
1072 2 0 272 731 1186
1073 2 0 150 947 1443
1074 2 0 271 1040 587
1075 2 0 491 1318 810
1076 2 0 76 77 768
1077 2 0 237 1081 1007
1078 2 0 324 841 1370
1079 2 0 70 71 717
1080 2 0 420 1230 1051
1081 2 0 180 739 828
1082 2 0 425 959 1134
1083 2 0 495 1246 1290
1084 2 0 261 629 1001
1085 2 0 314 1280 679
1086 2 0 299 817 653
1087 2 0 255 617 885
1088 2 0 180 590 1078
1089 2 0 309 917 602
1090 2 0 321 1266 599
1091 2 0 463 1109 681
1092 2 0 421 1262 637
1093 2 0 277 709 1139
1094 2 0 164 1193 591
1095 2 0 347 624 1017
1096 2 0 444 1328 618
1097 2 0 252 618 1328
1098 2 0 197 1214 758
1099 2 0 215 1188 977
1100 2 0 328 1105 746
1101 2 0 447 1350 1341
1102 2 0 612 978 1430
1103 2 0 438 894 615
1104 2 0 463 1425 657
1105 2 0 305 836 647
1106 2 0 384 1031 785
1107 2 0 381 1072 674
1108 2 0 218 813 986
1109 2 0 436 986 813
1110 2 0 340 969 604
1111 2 0 259 604 969
1112 2 0 30 31 1077
1113 2 0 232 793 680
1114 2 0 695 1170 924
1115 2 0 322 613 1399
1116 2 0 397 1037 901
1117 2 0 184 1420 625
1118 2 0 153 938 602
1119 2 0 196 834 714
1120 2 0 348 595 1395
1121 2 0 428 1243 715
1122 2 0 145 604 1122
1123 2 0 177 910 1374
1124 2 0 371 714 834
1125 2 0 443 617 1343
1126 2 0 335 975 614
1127 2 0 351 771 840
1128 2 0 117 1449 697
1129 2 0 356 998 826
1130 2 0 123 1326 1071
1131 2 0 257 801 1379
1132 2 0 563 1379 801
1133 2 0 288 1408 763
1134 2 0 318 847 819
1135 2 0 208 790 1149
1136 2 0 109 693 1147
1137 2 0 637 1262 1314
1138 2 0 383 819 847
1139 2 0 646 1055 1274
1140 2 0 269 1430 978
1141 2 0 170 925 671
1142 2 0 435 809 677
1143 2 0 197 628 886
1144 2 0 399 754 755
1145 2 0 578 1380 1034
1146 2 0 294 755 754
1147 2 0 103 1016 597
1148 2 0 466 1281 844
1149 2 0 281 1305 892
1150 2 0 609 1071 1326
1151 2 0 523 863 1347
1152 2 0 375 1124 603
1153 2 0 428 663 1207
1154 2 0 191 1067 745
1155 2 0 77 1213 768
1156 2 0 319 677 809
1157 2 0 263 1207 663
1158 2 0 275 664 976
1159 2 0 626 1295 903
1160 2 0 105 106 734
1161 2 0 352 941 606
1162 2 0 192 1089 951
1163 2 0 402 658 1206
1164 2 0 513 639 1466
1165 2 0 561 1254 1379
1166 2 0 531 951 1089
1167 2 0 431 1139 709
1168 2 0 423 663 838
1169 2 0 369 1026 1059
1170 2 0 564 1059 1026
1171 2 0 743 1275 987
1172 2 0 69 1236 677
1173 2 0 331 659 970
1174 2 0 306 822 668
1175 2 0 366 1202 600
1176 2 0 245 1301 1433
1177 2 0 644 899 1446
1178 2 0 31 854 1077
1179 2 0 194 838 663
1180 2 0 549 843 1427
1181 2 0 1446 899 189
1182 2 0 183 610 1271
1183 2 0 455 1101 1013
1184 2 0 501 692 1478
1185 2 0 437 734 1225
1186 2 0 179 767 821
1187 2 0 325 630 1483
1188 2 0 316 703 1179
1189 2 0 359 821 767
1190 2 0 302 1232 605
1191 2 0 475 1393 711
1192 2 0 186 883 897
1193 2 0 534 1082 962
1194 2 0 490 869 697
1195 2 0 476 906 750
1196 2 0 143 962 1082
1197 2 0 188 1189 1450
1198 2 0 258 1228 602
1199 2 0 347 1146 624
1200 2 0 332 750 906
1201 2 0 373 940 1365
1202 2 0 318 877 1087
1203 2 0 144 700 1093
1204 2 0 153 602 1027
1205 2 0 155 1112 599
1206 2 0 266 1432 616
1207 2 0 99 100 843
1208 2 0 413 1093 700
1209 2 0 27 28 863
1210 2 0 378 1470 718
1211 2 0 315 1401 851
1212 2 0 565 1070 1028
1213 2 0 495 1363 1246
1214 2 0 243 1028 1070
1215 2 0 85 1356 601
1216 2 0 384 785 728
1217 2 0 783 930 1173
1218 2 0 188 1129 603
1219 2 0 267 1425 681
1220 2 0 167 615 956
1221 2 0 68 677 829
1222 2 0 375 603 1129
1223 2 0 319 829 677
1224 2 0 347 632 1146
1225 2 0 65 614 975
1226 2 0 658 1259 1206
1227 2 0 275 605 1019
1228 2 0 72 935 641
1229 2 0 402 1120 724
1230 2 0 495 808 1363
1231 2 0 608 971 1409
1232 2 0 206 1117 809
1233 2 0 586 1408 835
1234 2 0 418 638 1424
1235 2 0 202 627 931
1236 2 0 244 1212 1191
1237 2 0 308 748 830
1238 2 0 36 1293 750
1239 2 0 335 614 994
1240 2 0 374 1098 636
1241 2 0 268 1056 606
1242 2 0 352 606 1056
1243 2 0 352 720 801
1244 2 0 328 887 1105
1245 2 0 433 1315 1095
1246 2 0 537 1287 825
1247 2 0 184 687 1116
1248 2 0 313 825 1287
1249 2 0 339 1009 619
1250 2 0 195 865 669
1251 2 0 107 108 856
1252 2 0 564 1365 940
1253 2 0 325 669 865
1254 2 0 674 1072 1462
1255 2 0 157 1210 798
1256 2 0 490 697 1449
1257 2 0 480 969 872
1258 2 0 454 927 1184
1259 2 0 408 805 1264
1260 2 0 435 677 1236
1261 2 0 8 982 619
1262 2 0 457 1162 1122
1263 2 0 280 1391 728
1264 2 0 381 619 982
1265 2 0 604 699 1122
1266 2 0 215 977 730
1267 2 0 384 730 977
1268 2 0 380 1088 654
1269 2 0 317 700 1101
1270 2 0 312 979 621
1271 2 0 250 654 1088
1272 2 0 16 1272 709
1273 2 0 134 1021 135
1274 2 0 550 995 840
1275 2 0 391 1215 810
1276 2 0 350 1079 859
1277 2 0 286 1219 736
1278 2 0 202 850 1064
1279 2 0 437 1006 1046
1280 2 0 421 637 925
1281 2 0 267 1142 820
1282 2 0 420 781 1117
1283 2 0 372 999 620
1284 2 0 440 733 1359
1285 2 0 308 773 831
1286 2 0 322 1399 645
1287 2 0 482 820 1142
1288 2 0 405 705 1203
1289 2 0 446 1068 1469
1290 2 0 263 937 635
1291 2 0 405 1419 705
1292 2 0 313 1287 958
1293 2 0 336 641 935
1294 2 0 9 10 774
1295 2 0 616 958 1287
1296 2 0 648 1028 1332
1297 2 0 445 873 1254
1298 2 0 149 1421 639
1299 2 0 278 708 1458
1300 2 0 443 791 790
1301 2 0 504 1458 708
1302 2 0 215 889 1188
1303 2 0 206 735 1039
1304 2 0 300 790 791
1305 2 0 167 629 1297
1306 2 0 408 1039 735
1307 2 0 337 881 839
1308 2 0 395 839 881
1309 2 0 169 696 1062
1310 2 0 284 875 1192
1311 2 0 160 932 950
1312 2 0 395 1149 1086
1313 2 0 462 846 1440
1314 2 0 435 717 1150
1315 2 0 661 1331 1306
1316 2 0 390 1342 887
1317 2 0 108 109 1147
1318 2 0 411 727 1075
1319 2 0 279 1075 727
1320 2 0 649 891 1172
1321 2 0 593 1086 1149
1322 2 0 208 881 1123
1323 2 0 494 634 1362
1324 2 0 480 1400 969
1325 2 0 318 660 1013
1326 2 0 311 756 798
1327 2 0 500 991 758
1328 2 0 479 1388 1023
1329 2 0 408 1264 1039
1330 2 0 188 618 1129
1331 2 0 418 945 929
1332 2 0 245 1433 781
1333 2 0 322 919 684
1334 2 0 383 710 878
1335 2 0 478 1284 876
1336 2 0 252 1132 618
1337 2 0 325 1483 669
1338 2 0 369 904 1020
1339 2 0 282 637 1359
1340 2 0 255 1098 620
1341 2 0 193 620 1099
1342 2 0 224 1052 1238
1343 2 0 458 768 1213
1344 2 0 428 715 1345
1345 2 0 492 901 1475
1346 2 0 45 993 753
1347 2 0 157 1245 1358
1348 2 0 308 633 1294
1349 2 0 82 83 833
1350 2 0 334 623 1334
1351 2 0 906 1386 1375
1352 2 0 271 707 1249
1353 2 0 332 906 1375
1354 2 0 52 53 823
1355 2 0 301 1171 623
1356 2 0 626 903 1457
1357 2 0 190 1457 903
1358 2 0 396 803 795
1359 2 0 468 649 1454
1360 2 0 187 1024 1407
1361 2 0 391 624 1215
1362 2 0 617 1390 885
1363 2 0 59 60 920
1364 2 0 140 708 1277
1365 2 0 205 704 957
1366 2 0 216 997 1179
1367 2 0 60 61 848
1368 2 0 388 898 744
1369 2 0 642 1407 1024
1370 2 0 203 744 898
1371 2 0 300 793 1438
1372 2 0 427 1285 651
1373 2 0 268 651 1285
1374 2 0 396 795 956
1375 2 0 167 956 795
1376 2 0 410 981 1138
1377 2 0 397 939 650
1378 2 0 429 1306 1331
1379 2 0 486 1138 981
1380 2 0 361 1052 628
1381 2 0 339 936 772
1382 2 0 434 628 1471
1383 2 0 347 1054 632
1384 2 0 570 1313 636
1385 2 0 206 1230 1117
1386 2 0 164 1051 631
1387 2 0 610 966 1271
1388 2 0 476 750 1293
1389 2 0 207 1197 650
1390 2 0 97 98 845
1391 2 0 397 650 1197
1392 2 0 231 632 1054
1393 2 0 432 1335 1214
1394 2 0 154 875 1309
1395 2 0 487 1387 807
1396 2 0 323 697 869
1397 2 0 283 645 1399
1398 2 0 560 1309 875
1399 2 0 175 872 1161
1400 2 0 437 856 1006
1401 2 0 376 1006 856
1402 2 0 517 1348 651
1403 2 0 426 831 773
1404 2 0 81 636 1313
1405 2 0 442 644 1371
1406 2 0 316 795 803
1407 2 0 200 1205 868
1408 2 0 266 1371 644
1409 2 0 187 1407 729
1410 2 0 208 1123 1406
1411 2 0 229 786 1461
1412 2 0 349 725 1081
1413 2 0 168 661 1306
1414 2 0 16 17 1272
1415 2 0 435 1236 717
1416 2 0 307 1150 717
1417 2 0 493 729 1407
1418 2 0 504 1307 763
1419 2 0 91 651 1348
1420 2 0 378 828 739
1421 2 0 1423 1096 921
1422 2 0 289 1256 684
1423 2 0 524 1061 1164
1424 2 0 441 1019 729
1425 2 0 393 1294 633
1426 2 0 45 46 993
1427 2 0 374 636 1042
1428 2 0 341 862 792
1429 2 0 29 648 1347
1430 2 0 561 800 1254
1431 2 0 516 1374 910
1432 2 0 625 1308 1001
1433 2 0 261 1001 1308
1434 2 0 162 1424 638
1435 2 0 185 702 1216
1436 2 0 76 768 857
1437 2 0 644 1355 899
1438 2 0 523 1347 648
1439 2 0 417 1423 921
1440 2 0 309 811 1364
1441 2 0 220 712 882
1442 2 0 331 642 1024
1443 2 0 158 759 1367
1444 2 0 401 855 905
1445 2 0 263 635 1207
1446 2 0 205 878 704
1447 2 0 349 880 929
1448 2 0 186 897 689
1449 2 0 330 932 695
1450 2 0 309 1364 816
1451 2 0 168 1418 1060
1452 2 0 343 905 855
1453 2 0 418 929 880
1454 2 0 408 735 897
1455 2 0 329 666 1186
1456 2 0 200 918 1205
1457 2 0 177 1374 645
1458 2 0 492 1040 1459
1459 2 0 192 948 1431
1460 2 0 62 63 988
1461 2 0 351 840 995
1462 2 0 205 1314 1262
1463 2 0 348 1003 655
1464 2 0 38 725 908
1465 2 0 502 1231 930
1466 2 0 349 908 725
1467 2 0 370 1091 776
1468 2 0 359 850 1029
1469 2 0 507 808 924
1470 2 0 317 1101 1185
1471 2 0 3 24 1160
1472 2 0 562 1072 774
1473 2 0 283 864 782
1474 2 0 375 638 1124
1475 2 0 352 1356 941
1476 2 0 467 778 980
1477 2 0 135 916 136
1478 2 0 401 955 996
1479 2 0 309 938 811
1480 2 0 3 1160 23
1481 2 0 332 963 750
1482 2 0 385 1080 798
1483 2 0 75 76 857
1484 2 0 334 882 712
1485 2 0 318 819 1217
1486 2 0 276 715 1243
1487 2 0 535 1373 1053
1488 2 0 80 1313 1370
1489 2 0 81 82 1042
1490 2 0 325 1253 1249
1491 2 0 199 684 919
1492 2 0 470 753 889
1493 2 0 450 703 962
1494 2 0 463 681 1425
1495 2 0 414 1164 1061
1496 2 0 146 818 826
1497 2 0 290 724 1120
1498 2 0 356 826 818
1499 2 0 486 981 687
1500 2 0 327 947 682
1501 2 0 360 944 890
1502 2 0 576 1360 656
1503 2 0 422 890 944
1504 2 0 175 1161 1346
1505 2 0 329 742 1068
1506 2 0 274 1302 1005
1507 2 0 431 1272 858
1508 2 0 319 1117 781
1509 2 0 217 929 945
1510 2 0 681 1109 1446
1511 2 0 303 1046 1327
1512 2 0 523 648 1332
1513 2 0 200 674 954
1514 2 0 266 644 1109
1515 2 0 336 935 692
1516 2 0 650 1327 1046
1517 2 0 655 1367 1411
1518 2 0 705 1378 1203
1519 2 0 70 717 1236
1520 2 0 250 1104 654
1521 2 0 217 1383 929
1522 2 0 594 1285 1219
1523 2 0 289 721 1256
1524 2 0 334 850 767
1525 2 0 219 775 1290
1526 2 0 431 858 1398
1527 2 0 368 654 1104
1528 2 0 362 898 907
1529 2 0 528 936 1205
1530 2 0 320 1057 683
1531 2 0 705 1419 948
1532 2 0 9 774 982
1533 2 0 67 68 829
1534 2 0 357 648 1077
1535 2 0 487 1116 1125
1536 2 0 360 1338 1226
1537 2 0 356 867 834
1538 2 0 371 834 867
1539 2 0 339 1205 936
1540 2 0 386 1292 726
1541 2 0 325 1249 707
1542 2 0 318 1217 877
1543 2 0 431 1398 1191
1544 2 0 337 857 768
1545 2 0 231 1289 839
1546 2 0 456 1411 1367
1547 2 0 157 1358 946
1548 2 0 341 849 896
1549 2 0 53 940 823
1550 2 0 427 736 1219
1551 2 0 416 794 1227
1552 2 0 444 1373 662
1553 2 0 368 1435 654
1554 2 0 152 662 1373
1555 2 0 341 675 1168
1556 2 0 459 647 1263
1557 2 0 193 1099 800
1558 2 0 423 1300 663
1559 2 0 336 692 933
1560 2 0 50 51 840
1561 2 0 451 1050 874
1562 2 0 263 663 1300
1563 2 0 73 692 935
1564 2 0 78 79 841
1565 2 0 446 1303 1319
1566 2 0 270 646 1274
1567 2 0 160 695 932
1568 2 0 304 1270 976
1569 2 0 289 959 1133
1570 2 0 512 1133 959
1571 2 0 257 1379 1254
1572 2 0 195 646 1182
1573 2 0 278 656 1090
1574 2 0 381 982 774
1575 2 0 354 997 1025
1576 2 0 585 976 1270
1577 2 0 486 1025 997
1578 2 0 156 1258 783
1579 2 0 393 1238 1021
1580 2 0 310 852 837
1581 2 0 490 1449 859
1582 2 0 506 1197 961
1583 2 0 521 837 852
1584 2 0 106 1225 734
1585 2 0 635 1375 1428
1586 2 0 195 670 1315
1587 2 0 354 1025 1001
1588 2 0 362 668 1336
1589 2 0 625 1420 807
1590 2 0 191 649 1172
1591 2 0 380 654 1320
1592 2 0 169 980 1023
1593 2 0 479 1023 980
1594 2 0 247 1317 658
1595 2 0 219 1012 775
1596 2 0 394 775 1012
1597 2 0 1481 213 1026
1598 2 0 1234 213 1481
1599 2 0 201 755 1480
1600 2 0 287 1181 678
1601 2 0 265 1331 661
1602 2 0 396 678 1181
1603 2 0 508 660 1087
1604 2 0 816 1346 1341
1605 2 0 454 1184 1239
1606 2 0 309 816 1341
1607 2 0 430 789 1106
1608 2 0 230 930 1231
1609 2 0 239 1106 789
1610 2 0 367 782 864
1611 2 0 198 792 862
1612 2 0 495 1290 808
1613 2 0 330 808 1290
1614 2 0 321 722 1266
1615 2 0 497 1194 659
1616 2 0 118 119 859
1617 2 0 189 899 1279
1618 2 0 126 659 1194
1619 2 0 423 1268 738
1620 2 0 466 914 1022
1621 2 0 338 889 753
1622 2 0 428 1345 663
1623 2 0 514 829 1433
1624 2 0 343 1392 676
1625 2 0 577 1327 939
1626 2 0 497 659 1235
1627 2 0 388 907 898
1628 2 0 195 669 1055
1629 2 0 219 867 1048
1630 2 0 366 1094 667
1631 2 0 269 687 981
1632 2 0 696 1243 1062
1633 2 0 86 87 941
1634 2 0 306 668 1060
1635 2 0 362 842 853
1636 2 0 178 667 1094
1637 2 0 515 1280 1284
1638 2 0 444 662 1328
1639 2 0 364 853 842
1640 2 0 192 705 948
1641 2 0 678 956 1324
1642 2 0 345 698 968
1643 2 0 209 968 698
1644 2 0 776 1091 1250
1645 2 0 182 979 788
1646 2 0 194 663 1345
1647 2 0 143 1082 817
1648 2 0 40 41 870
1649 2 0 533 811 938
1650 2 0 406 1128 1192
1651 2 0 379 1405 690
1652 2 0 427 1219 1285
1653 2 0 321 957 704
1654 2 0 212 1066 1283
1655 2 0 262 1202 667
1656 2 0 398 1349 665
1657 2 0 360 1388 944
1658 2 0 329 1319 666
1659 2 0 282 1176 698
1660 2 0 369 1059 904
1661 2 0 643 1210 1178
1662 2 0 434 1178 1210
1663 2 0 60 848 920
1664 2 0 330 775 932
1665 2 0 526 1021 1238
1666 2 0 411 1175 737
1667 2 0 328 786 887
1668 2 0 314 876 1284
1669 2 0 158 1010 759
1670 2 0 416 1382 662
1671 2 0 401 996 855
1672 2 0 275 1276 664
1673 2 0 171 727 1166
1674 2 0 411 1166 727
1675 2 0 380 759 1010
1676 2 0 170 1206 1259
1677 2 0 349 1081 880
1678 2 0 53 54 940
1679 2 0 342 778 945
1680 2 0 349 1383 908
1681 2 0 350 859 1038
1682 2 0 201 769 983
1683 2 0 471 983 769
1684 2 0 361 1047 916
1685 2 0 382 670 1182
1686 2 0 195 1182 670
1687 2 0 276 1180 740
1688 2 0 366 667 1202
1689 2 0 407 978 706
1690 2 0 372 888 861
1691 2 0 367 861 888
1692 2 0 136 1047 137
1693 2 0 530 817 1487
1694 2 0 206 1444 735
1695 2 0 329 1186 731
1696 2 0 377 1044 1030
1697 2 0 119 120 1038
1698 2 0 42 1401 673
1699 2 0 250 1462 1072
1700 2 0 467 1428 1375
1701 2 0 633 1353 879
1702 2 0 72 73 935
1703 2 0 291 1148 813
1704 2 0 345 699 1316
1705 2 0 342 866 1467
1706 2 0 659 960 1235
1707 2 0 288 1335 835
1708 2 0 608 917 1341
1709 2 0 441 1282 1276
1710 2 0 371 672 1465
1711 2 0 379 1151 961
1712 2 0 506 961 1151
1713 2 0 146 914 1073
1714 2 0 469 740 1357
1715 2 0 466 1073 914
1716 2 0 376 1108 690
1717 2 0 373 823 940
1718 2 0 335 770 975
1719 2 0 154 1357 740
1720 2 0 233 690 1108
1721 2 0 319 1433 829
1722 2 0 362 853 898
1723 2 0 130 1392 131
1724 2 0 104 105 1237
1725 2 0 123 1071 124
1726 2 0 656 1360 760
1727 2 0 343 855 1184
1728 2 0 299 1487 817
1729 2 0 159 1215 1146
1730 2 0 130 676 1392
1731 2 0 624 1146 1215
1732 2 0 174 672 1363
1733 2 0 64 975 770
1734 2 0 403 1283 680
1735 2 0 34 963 1442
1736 2 0 375 1132 723
1737 2 0 509 1011 1206
1738 2 0 113 694 1394
1739 2 0 537 1394 694
1740 2 0 246 1110 1410
1741 2 0 399 1096 754
1742 2 0 200 1241 674
1743 2 0 145 754 1096
1744 2 0 294 1118 755
1745 2 0 220 1114 712
1746 2 0 189 681 1446
1747 2 0 280 1453 730
1748 2 0 37 38 908
1749 2 0 411 737 1167
1750 2 0 236 1167 737
1751 2 0 385 712 1114
1752 2 0 128 1183 129
1753 2 0 419 915 1014
1754 2 0 248 682 1448
1755 2 0 358 912 913
1756 2 0 398 913 912
1757 2 0 436 813 1148
1758 2 0 13 1168 675
1759 2 0 282 733 1176
1760 2 0 285 1354 691
1761 2 0 299 686 1473
1762 2 0 235 912 1190
1763 2 0 418 866 945
1764 2 0 345 1316 716
1765 2 0 188 1450 685
1766 2 0 34 35 963
1767 2 0 280 685 1453
1768 2 0 448 1278 741
1769 2 0 222 741 1278
1770 2 0 451 1448 682
1771 2 0 260 678 1324
1772 2 0 520 960 1024
1773 2 0 146 1045 914
1774 2 0 381 674 1241
1775 2 0 800 1099 1286
1776 2 0 358 913 1234
1777 2 0 226 902 832
1778 2 0 469 1270 802
1779 2 0 304 802 1270
1780 2 0 556 1085 1361
1781 2 0 331 1024 960
1782 2 0 366 832 902
1783 2 0 399 755 1102
1784 2 0 201 1102 755
1785 2 0 291 943 1454
1786 2 0 416 1172 891
1787 2 0 317 679 1384
1788 2 0 201 1318 1102
1789 2 0 64 65 975
1790 2 0 79 80 1370
1791 2 0 494 1362 1158
1792 2 0 466 1018 1073
1793 2 0 348 1395 726
1794 2 0 502 930 893
1795 2 0 372 861 1434
1796 2 0 461 846 1060
1797 2 0 439 1299 727
1798 2 0 306 1060 846
1799 2 0 284 1465 1069
1800 2 0 385 756 1064
1801 2 0 202 1064 756
1802 2 0 672 1069 1465
1803 2 0 413 700 1063
1804 2 0 199 1134 684
1805 2 0 209 698 1440
1806 2 0 196 998 834
1807 2 0 103 104 1016
1808 2 0 473 730 1453
1809 2 0 223 1079 752
1810 2 0 35 750 963
1811 2 0 536 1081 725
1812 2 0 559 1121 765
1813 2 0 109 1251 693
1814 2 0 376 1147 693
1815 2 0 279 727 1299
1816 2 0 146 1163 1045
1817 2 0 376 693 1108
1818 2 0 570 1370 1313
1819 2 0 203 898 853
1820 2 0 31 32 1268
1821 2 0 415 1305 688
1822 2 0 93 736 1199
1823 2 0 581 1442 963
1824 2 0 427 1199 736
1825 2 0 220 679 1280
1826 2 0 330 924 808
1827 2 0 488 1088 1010
1828 2 0 364 934 853
1829 2 0 524 766 1061
1830 2 0 217 945 778
1831 2 0 380 1010 1088
1832 2 0 409 691 1339
1833 2 0 225 905 1187
1834 2 0 501 857 1289
1835 2 0 172 939 901
1836 2 0 397 901 939
1837 2 0 108 1147 856
1838 2 0 5 1260 89
1839 2 0 5 90 1260
1840 2 0 755 1118 1480
1841 2 0 401 1170 695
1842 2 0 144 1101 700
1843 2 0 157 798 1080
1844 2 0 342 945 866
1845 2 0 282 1359 733
1846 2 0 501 1478 857
1847 2 0 407 1125 1116
1848 2 0 294 804 1118
1849 2 0 412 922 923
1850 2 0 355 923 922
1851 2 0 322 684 1256
1852 2 0 348 814 1279
1853 2 0 389 996 955
1854 2 0 327 787 947
1855 2 0 367 864 1027
1856 2 0 372 1434 911
1857 2 0 386 752 1140
1858 2 0 406 740 1180
1859 2 0 1486 462 1176
1860 2 0 733 1486 1176
1861 2 0 566 993 1463
1862 2 0 78 841 1213
1863 2 0 197 758 991
1864 2 0 338 753 993
1865 2 0 164 743 1193
1866 2 0 457 1122 699
1867 2 0 385 1064 712
1868 2 0 308 830 1239
1869 2 0 144 1093 710
1870 2 0 516 1414 919
1871 2 0 567 1249 1253
1872 2 0 352 1056 720
1873 2 0 426 1157 831
1874 2 0 281 688 1305
1875 2 0 317 1216 702
1876 2 0 13 14 1168
1877 2 0 459 1030 1044
1878 2 0 400 928 1012
1879 2 0 194 1345 715
1880 2 0 314 702 1136
1881 2 0 484 879 1353
1882 2 0 131 1392 927
1883 2 0 196 890 998
1884 2 0 49 771 1115
1885 2 0 405 1115 771
1886 2 0 199 1339 691
1887 2 0 82 833 1042
1888 2 0 358 920 848
1889 2 0 216 703 1422
1890 2 0 505 693 1251
1891 2 0 450 1422 703
1892 2 0 669 1483 1299
1893 2 0 442 1371 694
1894 2 0 647 836 1263
1895 2 0 316 1451 703
1896 2 0 909 1406 1402
1897 2 0 525 696 1226
1898 2 0 273 1220 1095
1899 2 0 118 859 1449
1900 2 0 577 1095 1220
1901 2 0 216 1179 703
1902 2 0 214 915 1000
1903 2 0 324 909 1402
1904 2 0 371 1465 714
1905 2 0 276 1243 696
1906 2 0 419 1000 915
1907 2 0 514 1433 1301
1908 2 0 8 9 982
1909 2 0 392 1204 1130
1910 2 0 152 706 1474
1911 2 0 588 1130 1204
1912 2 0 525 1226 1338
1913 2 0 31 1268 854
1914 2 0 402 1337 1120
1915 2 0 313 958 871
1916 2 0 391 983 1074
1917 2 0 547 871 958
1918 2 0 471 1074 983
1919 2 0 317 1384 700
1920 2 0 63 1472 988
1921 2 0 425 1261 959
1922 2 0 841 1402 1213
1923 2 0 259 1316 699
1924 2 0 236 1364 811
1925 2 0 452 1049 942
1926 2 0 398 942 1049
1927 2 0 400 1073 1018
1928 2 0 714 1465 1192
1929 2 0 1465 284 1192
1930 2 0 293 760 1360
1931 2 0 439 727 1361
1932 2 0 11 12 984
1933 2 0 363 745 1067
1934 2 0 778 1344 980
1935 2 0 163 1263 836
1936 2 0 370 1076 764
1937 2 0 339 772 1009
1938 2 0 548 1409 971
1939 2 0 466 844 1018
1940 2 0 203 853 934
1941 2 0 424 766 1308
1942 2 0 422 998 890
1943 2 0 218 986 944
1944 2 0 386 1083 1292
1945 2 0 460 1090 862
1946 2 0 422 944 986
1947 2 0 300 791 1248
1948 2 0 305 718 1470
1949 2 0 474 1378 705
1950 2 0 400 1012 1048
1951 2 0 485 1368 1387
1952 2 0 171 1361 727
1953 2 0 459 1044 844
1954 2 0 635 1428 1062
1955 2 0 220 882 1063
1956 2 0 515 1080 1114
1957 2 0 214 844 1044
1958 2 0 385 1114 1080
1959 2 0 169 1062 1428
1960 2 0 146 1073 818
1961 2 0 204 1336 822
1962 2 0 416 1227 1172
1963 2 0 279 1299 1483
1964 2 0 297 1227 794
1965 2 0 204 1068 742
1966 2 0 400 818 1073
1967 2 0 535 1325 706
1968 2 0 292 737 1175
1969 2 0 225 924 1170
1970 2 0 609 1352 709
1971 2 0 14 849 1168
1972 2 0 370 776 1032
1973 2 0 241 1032 776
1974 2 0 182 831 1157
1975 2 0 148 1041 1389
1976 2 0 387 719 1145
1977 2 0 16 709 1352
1978 2 0 206 1039 1230
1979 2 0 360 890 1338
1980 2 0 485 1387 973
1981 2 0 541 1230 1039
1982 2 0 600 1389 1041
1983 2 0 458 1123 768
1984 2 0 337 768 1123
1985 2 0 484 1353 1447
1986 2 0 253 1011 1198
1987 2 0 509 1198 1011
1988 2 0 431 709 1272
1989 2 0 183 1271 1087
1990 2 0 274 1159 1302
1991 2 0 449 1031 977
1992 2 0 194 1224 838
1993 2 0 513 1029 931
1994 2 0 639 1302 1159
1995 2 0 138 763 1307
1996 2 0 384 977 1031
1997 2 0 429 1331 769
1998 2 0 170 1259 925
1999 2 0 338 860 1188
2000 2 0 280 730 1391
2001 2 0 449 1188 860
2002 2 0 204 842 1336
2003 2 0 174 1154 1204
2004 2 0 37 908 1293
2005 2 0 588 1204 1154
2006 2 0 285 1174 1113
2007 2 0 375 1129 1132
2008 2 0 172 901 1298
2009 2 0 556 1113 1174
2010 2 0 618 1132 1129
2011 2 0 492 1298 901
2012 2 0 333 893 930
2013 2 0 217 778 1386
2014 2 0 532 1267 711
2015 2 0 80 81 1313
2016 2 0 467 1386 778
2017 2 0 543 1461 952
2018 2 0 350 752 1079
2019 2 0 177 1385 720
2020 2 0 433 1095 1273
2021 2 0 413 1063 882
2022 2 0 211 894 1201
2023 2 0 506 827 1037
2024 2 0 75 857 1478
2025 2 0 341 1168 849
2026 2 0 337 1289 857
2027 2 0 552 1034 1380
2028 2 0 294 754 1162
2029 2 0 475 746 1105
2030 2 0 33 1442 738
2031 2 0 384 728 1391
2032 2 0 415 1223 1457
2033 2 0 441 1276 1019
2034 2 0 147 1061 766
2035 2 0 581 738 1442
2036 2 0 430 1153 836
2037 2 0 163 836 1153
2038 2 0 384 1391 730
2039 2 0 394 1000 950
2040 2 0 147 766 1250
2041 2 0 419 1014 1211
2042 2 0 424 1250 766
2043 2 0 191 1269 1067
2044 2 0 441 729 1212
2045 2 0 182 1157 979
2046 2 0 298 764 1076
2047 2 0 574 1067 1269
2048 2 0 305 1470 739
2049 2 0 98 1460 845
2050 2 0 503 845 1460
2051 2 0 530 1255 762
2052 2 0 307 735 1150
2053 2 0 85 86 1356
2054 2 0 296 789 1242
2055 2 0 412 1275 743
2056 2 0 419 950 1000
2057 2 0 448 1034 1278
2058 2 0 183 1087 877
2059 2 0 356 834 998
2060 2 0 552 1278 1034
2061 2 0 83 1221 833
2062 2 0 445 833 1221
2063 2 0 381 774 1072
2064 2 0 370 761 1091
2065 2 0 43 44 1369
2066 2 0 417 1066 777
2067 2 0 668 822 1336
2068 2 0 593 1438 1477
2069 2 0 621 1157 1291
2070 2 0 426 1291 1157
2071 2 0 454 830 1257
2072 2 0 132 1257 830
2073 2 0 340 872 969
2074 2 0 481 814 1141
2075 2 0 487 1125 973
2076 2 0 147 1091 1145
2077 2 0 468 723 1376
2078 2 0 235 1223 1349
2079 2 0 256 1291 751
2080 2 0 291 745 1148
2081 2 0 426 751 1291
2082 2 0 110 111 1107
2083 2 0 477 1187 1429
2084 2 0 223 726 1395
2085 2 0 26 27 1135
2086 2 0 203 1252 744
2087 2 0 676 1429 1187
2088 2 0 377 915 1044
2089 2 0 259 969 1400
2090 2 0 159 1477 810
2091 2 0 489 810 1477
2092 2 0 213 1049 989
2093 2 0 452 989 1049
2094 2 0 368 792 1435
2095 2 0 232 1152 1103
2096 2 0 210 855 996
2097 2 0 226 1141 1411
2098 2 0 655 1411 1141
2099 2 0 329 1068 1319
2100 2 0 105 734 1237
2101 2 0 227 965 1235
2102 2 0 267 1218 1425
2103 2 0 497 1235 965
2104 2 0 287 744 1181
2105 2 0 155 1486 733
2106 2 0 367 1228 861
2107 2 0 353 1193 743
2108 2 0 48 1115 796
2109 2 0 302 1097 797
2110 2 0 207 1006 1405
2111 2 0 405 796 1115
2112 2 0 200 1140 918
2113 2 0 195 1315 865
2114 2 0 414 974 1058
2115 2 0 449 977 1188
2116 2 0 315 1189 747
2117 2 0 380 1320 760
2118 2 0 373 1208 823
2119 2 0 735 1444 1150
2120 2 0 626 1457 1223
2121 2 0 199 732 1339
2122 2 0 388 744 1330
2123 2 0 318 1013 847
2124 2 0 286 732 1414
2125 2 0 409 1339 732
2126 2 0 202 1029 850
2127 2 0 214 1018 844
2128 2 0 347 1017 1015
2129 2 0 571 1015 1017
2130 2 0 482 832 1041
2131 2 0 42 43 1401
2132 2 0 286 1414 910
2133 2 0 516 910 1414
2134 2 0 657 1425 1218
2135 2 0 589 1473 1247
2136 2 0 393 748 1294
2137 2 0 305 1200 836
2138 2 0 548 1434 1409
2139 2 0 264 1037 827
2140 2 0 430 836 1200
2141 2 0 400 1048 818
2142 2 0 612 1474 978
2143 2 0 513 1466 1029
2144 2 0 101 102 1084
2145 2 0 596 1050 1415
2146 2 0 260 1415 1050
2147 2 0 454 1239 830
2148 2 0 635 937 1375
2149 2 0 411 1075 1175
2150 2 0 491 1102 1318
2151 2 0 392 1130 797
2152 2 0 591 1193 949
2153 2 0 353 949 1193
2154 2 0 769 1331 1476
2155 2 0 594 1219 910
2156 2 0 436 1148 1045
2157 2 0 219 1246 867
2158 2 0 383 1381 749
2159 2 0 374 1042 833
2160 2 0 227 797 1130
2161 2 0 588 965 1130
2162 2 0 392 797 1097
2163 2 0 436 1163 986
2164 2 0 378 1269 784
2165 2 0 227 1130 965
2166 2 0 378 739 1470
2167 2 0 455 1185 1101
2168 2 0 423 738 1300
2169 2 0 247 749 1317
2170 2 0 617 1404 1343
2171 2 0 421 1317 749
2172 2 0 477 1468 1065
2173 2 0 262 1393 1202
2174 2 0 372 911 1404
2175 2 0 175 1351 872
2176 2 0 421 749 1262
2177 2 0 294 1162 812
2178 2 0 480 872 1351
2179 2 0 156 1151 806
2180 2 0 438 1201 894
2181 2 0 511 741 1322
2182 2 0 109 110 1251
2183 2 0 496 876 1136
2184 2 0 314 1136 876
2185 2 0 406 1192 875
2186 2 0 387 761 1479
2187 2 0 148 1105 887
2188 2 0 43 1369 851
2189 2 0 379 961 1405
2190 2 0 160 950 1265
2191 2 0 229 1143 786
2192 2 0 511 1410 741
2193 2 0 390 786 1143
2194 2 0 489 1103 810
2195 2 0 129 1183 1429
2196 2 0 522 1137 900
2197 2 0 308 1294 748
2198 2 0 491 810 1103
2199 2 0 365 1035 1036
2200 2 0 287 1330 744
2201 2 0 359 1159 821
2202 2 0 498 1036 1035
2203 2 0 20 21 1119
2204 2 0 119 1038 859
2205 2 0 107 856 1225
2206 2 0 205 957 1314
2207 2 0 437 1225 856
2208 2 0 658 1317 1259
2209 2 0 48 49 1115
2210 2 0 421 1259 1317
2211 2 0 491 1103 1152
2212 2 0 462 1486 992
2213 2 0 99 843 1460
2214 2 0 373 989 990
2215 2 0 542 988 1127
2216 2 0 404 1127 988
2217 2 0 452 990 989
2218 2 0 503 1460 843
2219 2 0 428 1062 1243
2220 2 0 508 1087 1271
2221 2 0 209 1440 846
2222 2 0 328 952 1461
2223 2 0 430 1242 789
2224 2 0 394 928 1000
2225 2 0 548 911 1434
2226 2 0 429 1118 804
2227 2 0 300 1248 793
2228 2 0 453 783 1173
2229 2 0 551 1329 953
2230 2 0 396 1252 803
2231 2 0 343 927 1392
2232 2 0 128 779 1183
2233 2 0 426 1323 751
2234 2 0 214 1000 928
2235 2 0 319 809 1117
2236 2 0 443 1343 791
2237 2 0 166 791 1343
2238 2 0 166 1169 791
2239 2 0 226 1411 902
2240 2 0 288 758 1335
2241 2 0 114 115 1195
2242 2 0 386 1140 954
2243 2 0 404 1472 770
2244 2 0 472 1417 964
2245 2 0 247 1217 819
2246 2 0 400 1018 928
2247 2 0 412 923 1058
2248 2 0 214 928 1018
2249 2 0 211 1058 923
2250 2 0 450 1311 1304
2251 2 0 212 926 1066
2252 2 0 271 1459 1040
2253 2 0 335 1295 770
2254 2 0 525 1128 1180
2255 2 0 198 760 1320
2256 2 0 426 773 1323
2257 2 0 210 1323 773
2258 2 0 406 1180 1128
2259 2 0 43 851 1401
2260 2 0 377 1014 915
2261 2 0 357 1077 854
2262 2 0 234 987 1275
2263 2 0 478 1358 1245
2264 2 0 244 1398 1004
2265 2 0 95 96 1165
2266 2 0 600 1202 1393
2267 2 0 554 1032 1368
2268 2 0 156 783 1413
2269 2 0 351 1419 771
2270 2 0 241 1368 1032
2271 2 0 453 1413 783
2272 2 0 315 884 1189
2273 2 0 546 1004 1398
2274 2 0 413 1171 1093
2275 2 0 473 1189 884
2276 2 0 379 806 1151
2277 2 0 101 1084 1427
2278 2 0 2 15 1326
2279 2 0 308 1239 773
2280 2 0 111 825 1107
2281 2 0 488 1010 1083
2282 2 0 655 1003 1367
2283 2 0 297 784 1227
2284 2 0 720 1385 801
2285 2 0 394 1012 928
2286 2 0 510 985 987
2287 2 0 363 1022 914
2288 2 0 372 1404 999
2289 2 0 2 1326 123
2290 2 0 494 1120 1337
2291 2 0 143 762 1311
2292 2 0 377 1322 1014
2293 2 0 424 776 1250
2294 2 0 126 1194 127
2295 2 0 202 931 1029
2296 2 0 405 1203 796
2297 2 0 92 93 1199
2298 2 0 353 987 985
2299 2 0 388 1330 799
2300 2 0 83 84 1221
2301 2 0 404 770 1295
2302 2 0 228 1479 761
2303 2 0 115 815 1195
2304 2 0 723 1132 1376
2305 2 0 457 812 1162
2306 2 0 389 955 1155
2307 2 0 445 1286 833
2308 2 0 374 833 1286
2309 2 0 173 1282 1121
2310 2 0 77 78 1213
2311 2 0 267 820 1218
2312 2 0 568 1121 1282
2313 2 0 330 1290 775
2314 2 0 333 783 1258
2315 2 0 432 835 1335
2316 2 0 295 1468 779
2317 2 0 429 769 1480
2318 2 0 508 1271 966
2319 2 0 147 1250 1091
2320 2 0 191 784 1269
2321 2 0 106 107 1225
2322 2 0 122 1485 772
2323 2 0 201 1480 769
2324 2 0 471 769 1476
2325 2 0 615 1415 1324
2326 2 0 376 856 1147
2327 2 0 383 878 1381
2328 2 0 166 1343 1404
2329 2 0 159 810 1215
2330 2 0 239 789 1255
2331 2 0 237 880 1081
2332 2 0 424 1377 776
2333 2 0 351 995 1431
2334 2 0 363 914 1045
2335 2 0 110 1107 1251
2336 2 0 590 1430 1464
2337 2 0 214 1044 915
2338 2 0 992 1486 1303
2339 2 0 405 771 1419
2340 2 0 213 913 1049
2341 2 0 398 1049 913
2342 2 0 69 70 1236
2343 2 0 241 776 1377
2344 2 0 414 1058 1164
2345 2 0 342 1344 778
2346 2 0 442 1195 815
2347 2 0 425 1134 1354
2348 2 0 136 916 1047
2349 2 0 417 777 1423
2350 2 0 201 983 1318
2351 2 0 367 1027 1228
2352 2 0 294 1452 804
2353 2 0 316 803 1244
2354 2 0 131 1257 132
2355 2 0 461 804 1452
2356 2 0 445 1254 800
2357 2 0 251 1203 1378
2358 2 0 18 19 1416
2359 2 0 703 1451 962
2360 2 0 146 826 1163
2361 2 0 203 803 1252
2362 2 0 6 772 1485
2363 2 0 395 881 1149
2364 2 0 240 1208 990
2365 2 0 387 1479 824
2366 2 0 439 1274 1055
2367 2 0 460 896 1277
2368 2 0 436 1045 1163
2369 2 0 472 1329 1417
2370 2 0 160 1265 1155
2371 2 0 140 1277 141
2372 2 0 141 1277 896
2373 2 0 319 781 1433
2374 2 0 0 6 1485
2375 2 0 219 1048 1012
2376 2 0 248 1264 805
2377 2 0 445 800 1286
2378 2 0 36 37 1293
2379 2 0 265 1033 1476
2380 2 0 27 863 1135
2381 2 0 390 820 1342
2382 2 0 550 823 1208
2383 2 0 138 1307 139
2384 2 0 222 1137 1211
2385 2 0 390 1218 820
2386 2 0 433 1253 865
2387 2 0 393 879 1238
2388 2 0 567 1459 1249
2389 2 0 522 1211 1137
2390 2 0 325 865 1253
2391 2 0 556 1261 1113
2392 2 0 22 23 1436
2393 2 0 373 990 1208
2394 2 0 328 1461 786
2395 2 0 311 1447 788
2396 2 0 198 1435 792
2397 2 0 442 815 1355
2398 2 0 323 1355 815
2399 2 0 90 91 1348
2400 2 0 429 804 1306
2401 2 0 15 16 1352
2402 2 0 28 29 1347
2403 2 0 542 1190 848
2404 2 0 358 848 1190
2405 2 0 24 25 1397
2406 2 0 357 838 1224
2407 2 0 162 943 1467
2408 2 0 232 921 1152
2409 2 0 621 979 1157
2410 2 0 518 1467 943
2411 2 0 413 882 1334
2412 2 0 337 1123 881
2413 2 0 112 113 1394
2414 2 0 461 1418 804
2415 2 0 563 801 1385
2416 2 0 213 989 1365
2417 2 0 370 1032 1076
2418 2 0 189 1279 814
2419 2 0 20 1119 895
2420 2 0 210 1184 855
2421 2 0 523 1332 1057
2422 2 0 435 1444 809
2423 2 0 100 101 1427
2424 2 0 453 1403 966
2425 2 0 243 1057 1332
2426 2 0 508 966 1403
2427 2 0 33 34 1442
2428 2 0 200 868 1241
2429 2 0 98 99 1460
2430 2 0 117 118 1449
2431 2 0 46 47 1463
2432 2 0 401 905 1170
2433 2 0 402 1011 1337
2434 2 0 424 807 1377
2435 2 0 74 75 1478
2436 2 0 518 813 1489
2437 2 0 505 1251 1107
2438 2 0 218 1489 813
2439 2 0 399 921 1096
2440 2 0 230 1173 930
2441 2 0 340 1161 872
2442 2 0 222 1278 1137
2443 2 0 243 1332 1028
2444 2 0 552 1137 1278
2445 2 0 398 912 1349
2446 2 0 260 1324 1415
2447 2 0 359 1029 1466
2448 2 0 208 1149 881
2449 2 0 791 1169 1248
2450 2 0 412 1058 974
2451 2 0 0 1485 122
2452 2 0 447 1341 1346
2453 2 0 489 1477 1438
2454 2 0 213 1365 1026
2455 2 0 487 807 1420
2456 2 0 265 1476 1331
2457 2 0 403 971 1283
2458 2 0 339 868 1205
2459 2 0 175 1346 816
2460 2 0 206 809 1444
2461 2 0 374 1286 1099
2462 2 0 458 1213 1402
2463 2 0 593 1477 1086
2464 2 0 252 891 1376
2465 2 0 540 816 1364
2466 2 0 468 1376 891
2467 2 0 306 1469 822
2468 2 0 293 1360 1131
2469 2 0 410 1138 1008
2470 2 0 576 1131 1360
2471 2 0 294 812 1452
2472 2 0 392 1069 1204
2473 2 0 84 873 1221
2474 2 0 209 1456 812
2475 2 0 258 861 1228
2476 2 0 573 1396 1443
2477 2 0 554 1076 1032
2478 2 0 334 1334 882
2479 2 0 338 1188 889
2480 2 0 575 1439 1005
2481 2 0 445 1221 873
2482 2 0 274 1005 1439
2483 2 0 459 844 1281
2484 2 0 482 1142 1366
2485 2 0 225 1187 1065
2486 2 0 555 877 1217
2487 2 0 337 839 1289
2488 2 0 477 1065 1187
2489 2 0 225 1170 905
2490 2 0 479 980 1344
2491 2 0 423 854 1268
2492 2 0 410 1455 1078
2493 2 0 18 1416 858
2494 2 0 374 1099 1098
2495 2 0 620 1098 1099
2496 2 0 447 1161 926
2497 2 0 461 1456 846
2498 2 0 209 846 1456
2499 2 0 340 926 1161
2500 2 0 371 867 1246
2501 2 0 527 967 1258
2502 2 0 333 1258 967
2503 2 0 399 1152 921
2504 2 0 650 939 1327
2505 2 0 254 1125 1325
2506 2 0 158 1083 1010
2507 2 0 362 1336 842
2508 2 0 494 1158 1120
2509 2 0 290 1120 1158
2510 2 0 453 827 1413
2511 2 0 224 1238 879
2512 2 0 358 1190 912
2513 2 0 162 866 1424
2514 2 0 669 1299 1055
2515 2 0 637 1314 1359
2516 2 0 79 1370 841
2517 2 0 440 1359 1314
2518 2 0 486 997 1138
2519 2 0 615 894 1415
2520 2 0 216 1138 997
2521 2 0 227 1235 960
2522 2 0 493 1139 1191
2523 2 0 205 1381 878
2524 2 0 344 972 1267
2525 2 0 448 1126 1034
2526 2 0 431 1191 1139
2527 2 0 468 1454 943
2528 2 0 149 1034 1126
2529 2 0 285 1113 1354
2530 2 0 421 925 1259
2531 2 0 200 954 1140
2532 2 0 324 1402 841
2533 2 0 157 946 1210
2534 2 0 416 891 1382
2535 2 0 524 1201 1240
2536 2 0 434 1210 946
2537 2 0 470 851 1369
2538 2 0 433 865 1315
2539 2 0 534 962 1451
2540 2 0 254 973 1125
2541 2 0 286 910 1219
2542 2 0 512 1166 1167
2543 2 0 412 974 1275
2544 2 0 415 1457 892
2545 2 0 411 1167 1166
2546 2 0 528 1205 918
2547 2 0 271 1249 1459
2548 2 0 438 1240 1201
2549 2 0 335 903 1295
2550 2 0 160 1155 955
2551 2 0 546 1398 858
2552 2 0 359 1466 1159
2553 2 0 284 1069 1484
2554 2 0 239 1209 1106
2555 2 0 483 1106 1209
2556 2 0 483 1153 1106
2557 2 0 546 858 1416
2558 2 0 509 1400 1198
2559 2 0 410 1464 981
2560 2 0 698 1176 1440
2561 2 0 415 892 1305
2562 2 0 213 1234 913
2563 2 0 196 1338 890
2564 2 0 252 1376 1132
2565 2 0 373 1365 989
2566 2 0 258 1434 861
2567 2 0 483 1209 1111
2568 2 0 465 1111 1209
2569 2 0 590 1464 1078
2570 2 0 216 1008 1138
2571 2 0 269 1464 1430
2572 2 0 420 1117 1230
2573 2 0 207 961 1197
2574 2 0 324 885 1390
2575 2 0 148 887 1342
2576 2 0 418 1424 866
2577 2 0 617 999 1404
2578 2 0 222 1211 1014
2579 2 0 491 1152 1102
2580 2 0 454 1257 927
2581 2 0 399 1102 1152
2582 2 0 483 1288 1153
2583 2 0 433 1273 1253
2584 2 0 131 927 1257
2585 2 0 567 1253 1273
2586 2 0 258 1409 1434
2587 2 0 342 1002 1344
2588 2 0 479 1344 1002
2589 2 0 275 1019 1276
2590 2 0 369 1020 1481
2591 2 0 519 1481 1020
2592 2 0 534 1244 934
2593 2 0 162 1467 866
2594 2 0 451 874 1448
2595 2 0 46 1463 993
2596 2 0 573 1443 1033
2597 2 0 440 1314 957
2598 2 0 683 1445 1426
2599 2 0 499 1426 1445
2600 2 0 248 1448 874
2601 2 0 252 1382 891
2602 2 0 464 1126 1110
2603 2 0 360 1226 1023
2604 2 0 323 899 1355
2605 2 0 467 1375 1386
2606 2 0 522 1265 1211
2607 2 0 473 1450 1189
2608 2 0 351 948 1419
2609 2 0 609 1326 1352
2610 2 0 461 1060 1418
2611 2 0 541 1039 1264
2612 2 0 419 1211 1265
2613 2 0 15 1352 1326
2614 2 0 148 1389 1105
2615 2 0 602 1228 1027
2616 2 0 455 1231 1185
2617 2 0 502 1185 1231
2618 2 0 324 1390 909
2619 2 0 596 1415 894
2620 2 0 706 978 1474
2621 2 0 235 1349 912
2622 2 0 217 1386 906
2623 2 0 344 946 1358
2624 2 0 410 1078 1464
2625 2 0 404 988 1472
2626 2 0 402 1206 1011
2627 2 0 419 1265 950
2628 2 0 615 1324 956
2629 2 0 190 892 1457
2630 2 0 270 1274 1085
2631 2 0 309 1341 917
2632 2 0 357 1224 1028
2633 2 0 515 1284 1245
2634 2 0 458 1402 1406
2635 2 0 443 909 1390
2636 2 0 448 1110 1126
2637 2 0 211 1164 1058
2638 2 0 150 1396 1233
2639 2 0 583 1233 1396
2640 2 0 472 1397 953
2641 2 0 208 1406 909
2642 2 0 212 1350 926
2643 2 0 166 1404 911
2644 2 0 447 926 1350
2645 2 0 220 1280 1114
2646 2 0 515 1114 1280
2647 2 0 172 1298 1273
2648 2 0 567 1273 1298
2649 2 0 344 1358 972
2650 2 0 244 1191 1398
2651 2 0 639 1159 1466
2652 2 0 413 1334 1171
2653 2 0 479 1002 1388
2654 2 0 150 1443 1396
2655 2 0 218 1388 1002
2656 2 0 539 1175 1075
2657 2 0 614 1412 1301
2658 2 0 514 1301 1412
2659 2 0 243 1445 1057
2660 2 0 683 1057 1445
2661 2 0 565 1028 1224
2662 2 0 234 1275 974
2663 2 0 430 1106 1153
2664 2 0 635 1062 1207
2665 2 0 349 929 1383
2666 2 0 472 964 1436
2667 2 0 428 1207 1062
2668 2 0 515 1245 1080
2669 2 0 212 1283 971
2670 2 0 450 962 1311
2671 2 0 143 1311 962
2672 2 0 554 1368 1222
2673 2 0 485 1222 1368
2674 2 0 458 1406 1123
2675 2 0 317 1185 1216
2676 2 0 25 953 1397
2677 2 0 332 1375 937
2678 2 0 472 953 1329
2679 2 0 86 941 1356
2680 2 0 614 1301 994
2681 2 0 230 1403 1173
2682 2 0 158 1003 1292
2683 2 0 245 994 1301
2684 2 0 163 1030 1263
2685 2 0 459 1263 1030
2686 2 0 532 1177 1214
2687 2 0 163 1153 1288
2688 2 0 478 1245 1284
2689 2 0 22 1436 964
2690 2 0 218 944 1388
2691 2 0 545 1229 1131
2692 2 0 293 1131 1229
2693 2 0 744 1252 1181
2694 2 0 446 992 1303
2695 2 0 391 1318 983
2696 2 0 446 1319 1068
2697 2 0 241 1387 1368
2698 2 0 306 992 1469
2699 2 0 452 1340 990
2700 2 0 430 1200 1242
2701 2 0 451 1310 1050
2702 2 0 478 972 1358
2703 2 0 240 990 1340
2704 2 0 447 1346 1161
2705 2 0 392 1484 1069
2706 2 0 351 1431 948
2707 2 0 207 1405 961
2708 2 0 524 1164 1201
2709 2 0 487 973 1387
2710 2 0 157 1080 1245
2711 2 0 434 1471 1178
2712 2 0 211 1201 1164
2713 2 0 253 1337 1011
2714 2 0 558 964 1417
2715 2 0 392 1097 1484
2716 2 0 243 1070 1445
2717 2 0 158 1367 1003
2718 2 0 242 1074 1296
2719 2 0 644 1446 1109
2720 2 0 499 1445 1070
2721 2 0 471 1296 1074
2722 2 0 477 1429 1183
2723 2 0 467 980 1428
2724 2 0 169 1428 980
2725 2 0 432 1214 1177
2726 2 0 396 1181 1252
2727 2 0 158 1292 1083
2728 2 0 502 1216 1185
2729 2 0 224 1471 1052
2730 2 0 439 1055 1299
2731 2 0 260 1050 1310
2732 2 0 439 1085 1274
2733 2 0 465 1312 1111
2734 2 0 464 1421 1126
2735 2 0 564 1026 1365
2736 2 0 269 981 1464
2737 2 0 700 1384 1063
2738 2 0 425 1113 1261
2739 2 0 475 1105 1389
2740 2 0 145 1096 1423
2741 2 0 446 1469 992
2742 2 0 216 1422 1008
2743 2 0 246 1437 1110
2744 2 0 266 1109 1432
2745 2 0 175 1196 1351
2746 2 0 403 1248 1169
2747 2 0 607 1351 1196
2748 2 0 522 1155 1265
2749 2 0 580 1242 1200
2750 2 0 444 1053 1373
2751 2 0 585 1270 1357
2752 2 0 567 1298 1459
2753 2 0 218 1002 1489
2754 2 0 472 1160 1397
2755 2 0 196 1128 1338
2756 2 0 246 1111 1312
2757 2 0 529 1033 1443
2758 2 0 439 1361 1085
2759 2 0 779 1468 1183
2760 2 0 451 1233 1310
2761 2 0 472 1436 1160
2762 2 0 488 1462 1088
2763 2 0 369 1481 1026
2764 2 0 250 1088 1462
2765 2 0 583 1310 1233
2766 2 0 425 1354 1113
2767 2 0 525 1338 1128
2768 2 0 90 1348 1260
2769 2 0 517 1260 1348
2770 2 0 224 1178 1471
2771 2 0 205 1262 1381
2772 2 0 198 1320 1435
2773 2 0 429 1480 1118
2774 2 0 654 1435 1320
2775 2 0 252 1328 1382
2776 2 0 662 1382 1328
2777 2 0 628 1052 1471
2778 2 0 634 1144 1362
2779 2 0 240 1340 1441
2780 2 0 579 1441 1340
2781 2 0 481 1141 1366
2782 2 0 623 1171 1334
2783 2 0 180 1078 1455
2784 2 0 226 1366 1141
2785 2 0 519 1234 1481
2786 2 0 481 1366 1142
2787 2 0 151 1362 1144
2788 2 0 487 1420 1116
2789 2 0 184 1116 1420
2790 2 0 463 1432 1109
2791 2 0 316 1244 1451
2792 2 0 534 1451 1244
2793 2 0 249 1417 1329
2794 2 0 24 1397 1160
2795 2 0 464 1110 1437
2796 2 0 159 1086 1477
2797 2 0 435 1150 1444
2798 2 0 246 1312 1437
2799 2 0 149 1126 1421
2800 2 0 464 1302 1421
2801 2 0 475 1389 1393
2802 2 0 600 1393 1389
2803 2 0 560 1484 1097
2804 2 0 453 1173 1403
2805 2 0 480 1198 1400
2806 2 0 586 1458 1408
2807 2 0 504 1408 1458
2808 2 0 180 1455 1156
2809 2 0 572 1156 1455
2810 2 0 23 1160 1436
2811 2 0 462 1440 1176
2812 2 0 469 1357 1270
2813 2 0 804 1418 1306
2814 2 0 598 1437 1312
2815 2 0 749 1381 1262
2816 2 0 477 1183 1468
2817 2 0 530 1488 1255
2818 2 0 239 1255 1488
2819 2 0 473 1453 1450
2820 2 0 685 1450 1453
2821 2 0 812 1456 1452
2822 2 0 461 1452 1456
2823 2 0 639 1421 1302
2824 2 0 168 1306 1418
2825 2 0 155 1303 1486
2826 2 0 463 1333 1432
2827 2 0 616 1432 1333
2828 2 0 492 1459 1298
2829 2 0 299 1473 1487
2830 2 0 589 1487 1473
2831 2 0 557 1439 1482
2832 2 0 575 1482 1439
2833 2 0 530 1487 1488
2834 2 0 589 1488 1487
