0 -1.2500 0.0000
1 -1.0000 0.0000
2 1.0000 0.0000
3 1.2500 0.0000
4 1.2500 2.5000
5 -1.2500 2.5000
6 -1.1250 0.0000
7 1.1250 0.0000
8 1.2500 0.2500
9 1.2500 0.5000
10 1.2500 0.7500
11 1.2500 1.0000
12 1.2500 1.2500
13 1.2500 1.5000
14 1.2500 1.7500
15 1.2500 2.0000
16 1.2500 2.2500
17 1.0000 2.5000
18 0.7500 2.5000
19 0.5000 2.5000
20 0.2500 2.5000
21 0.0000 2.5000
22 -0.2500 2.5000
23 -0.5000 2.5000
24 -0.7500 2.5000
25 -1.0000 2.5000
26 -1.2500 2.2500
27 -1.2500 2.0000
28 -1.2500 1.7500
29 -1.2500 1.5000
30 -1.2500 1.2500
31 -1.2500 1.0000
32 -1.2500 0.7500
33 -1.2500 0.5000
34 -1.2500 0.2500
35 0.9749 0.2225
36 0.9010 0.4339
37 0.7818 0.6235
38 0.6235 0.7818
39 0.4339 0.9010
40 0.2225 0.9749
41 0.0000 1.0000
42 -0.2225 0.9749
43 -0.4339 0.9010
44 -0.6235 0.7818
45 -0.7818 0.6235
46 -0.9010 0.4339
47 -0.9749 0.2225
48 0.0703 1.8664
49 -0.5273 1.5980
50 0.6410 1.4361
51 0.5919 1.9786
52 -0.7891 1.2771
53 -0.2401 2.0010
54 -0.1969 1.3215
55 -0.7691 1.9885
56 0.2631 1.3961
57 0.7562 1.0189
58 0.3026 2.1688
59 -0.8284 1.5987
60 -0.4126 1.2710
61 -0.9216 0.9029
62 0.9066 1.6842
63 0.5124 1.6262
64 0.9082 2.0992
65 -0.4680 2.1424
66 -0.1224 1.7756
67 0.4811 1.1969
68 1.0200 1.2679
69 0.0310 2.1203
70 0.9868 0.7948
71 0.5746 2.2518
72 -1.0164 1.7696
73 0.0257 1.3654
74 -0.4547 1.8723
75 -0.9943 2.1236
76 -0.6699 0.9941
77 -1.0078 1.3540
78 -0.0395 1.9993
79 -1.0150 0.6598
80 0.9958 1.9087
81 -0.0259 1.5753
82 -0.6473 1.7576
83 -0.5761 1.3866
84 -0.1992 1.1366
85 -0.1736 2.2623
86 -0.4424 1.4406
87 0.3774 1.8942
88 -0.6598 2.2357
89 1.0468 0.5978
90 -1.0493 1.0595
91 0.2413 1.6715
92 -0.3356 1.6923
93 0.2483 1.1775
94 0.3739 2.2978
95 0.7478 1.2895
96 1.0051 1.0277
97 0.6958 1.5864
98 -1.1148 0.1463
99 1.1156 0.1446
100 0.4800 1.4184
101 1.0900 0.3578
102 -1.0827 0.3740
103 0.7731 0.8616
104 1.0433 1.5022
105 -1.0882 1.9770
106 -1.0982 1.5419
107 -0.4215 1.0787
108 0.4666 2.0622
109 0.8217 2.2923
110 0.1294 2.2788
111 1.0394 2.2935
112 -0.6799 1.4617
113 -0.8523 0.7908
114 0.8584 1.5308
115 -1.0589 0.8426
116 -0.6081 1.2425
117 -0.2499 1.5070
118 1.0530 2.1393
119 -0.0072 2.3556
120 -0.5495 2.0018
121 -0.8656 1.0587
122 0.7829 1.8048
123 0.1989 2.0075
124 1.0452 1.7122
125 -0.3824 2.2832
126 -1.0344 2.3678
127 0.0211 1.1682
128 0.7166 2.0317
129 0.5580 1.8297
130 -0.8671 2.3092
