0 3 0 19 99 18 2
1 3 0 28 98 27 3
2 3 0 61 85 45 106
3 3 0 147 88 41 0
4 3 0 14 76 119 13
5 3 0 32 33 120 75
6 3 0 23 24 124 77
7 3 0 72 97 94 52
8 3 0 125 60 111 90
9 3 0 135 68 113 48
10 3 0 141 69 117 66
11 3 0 147 70 114 88
12 3 0 138 71 118 50
13 3 0 96 73 116 51
14 3 0 56 72 140 112
15 3 0 139 73 96 55
16 3 0 114 70 149 47
17 3 0 134 65 148 95
18 3 0 12 79 107 11
19 3 0 34 35 108 80
20 3 0 126 57 145 91
21 3 0 48 113 65 85
22 3 0 72 52 86 115
23 3 0 94 80 108 52
24 3 0 93 51 107 79
25 3 0 110 74 114 47
26 3 0 117 89 118 66
27 3 0 51 93 43 96
28 3 0 131 49 133 92
29 3 0 43 146 78 125
30 3 0 30 81 127 29
31 3 0 16 17 128 82
32 3 0 21 83 129 20
33 3 0 25 26 130 84
34 3 0 110 57 126 74
35 3 0 67 142 43 125
36 3 0 139 55 149 104
37 3 0 135 44 126 68
38 3 0 63 102 45 109
39 3 0 120 59 135 75
40 3 0 125 78 131 60
41 3 0 126 44 151 74
42 3 0 132 75 135 48
43 3 0 149 70 147 104
44 3 0 119 76 136 58
45 3 0 133 49 136 76
46 3 0 29 127 98 28
47 3 0 17 18 99 128
48 3 0 94 59 120 80
49 3 0 93 79 119 58
50 3 0 125 90 110 67
51 3 0 23 77 137 101
52 3 0 20 129 99 19
53 3 0 26 27 98 130
54 3 0 14 62 133 76
55 3 0 32 75 132 100
56 3 0 88 112 40 41
57 3 0 106 81 121 61
58 3 0 105 62 122 82
59 3 0 110 47 142 67
60 3 0 137 77 138 50
61 3 0 124 63 138 77
62 3 0 102 63 124 84
63 3 0 103 83 123 64
64 3 0 71 109 45 134
65 3 0 45 85 65 134
66 3 0 60 131 69 111
67 3 0 64 137 89 150
68 3 0 146 58 136 78
69 3 0 126 91 113 68
70 3 0 48 85 61 132
71 3 0 106 53 127 81
72 3 0 105 82 128 54
73 3 0 131 78 136 49
74 3 0 102 84 130 53
75 3 0 103 54 129 83
76 3 0 51 116 8 87
77 3 0 131 92 117 69
78 3 0 118 89 137 50
79 3 0 105 46 117 92
80 3 0 11 107 144 10
81 3 0 35 36 143 108
82 3 0 73 7 8 116
83 3 0 86 38 39 115
84 3 0 74 151 56 114
85 3 0 51 87 144 107
86 3 0 52 108 143 86
87 3 0 134 95 118 71
88 3 0 112 88 114 56
89 3 0 54 103 46 105
90 3 0 53 106 45 102
91 3 0 39 140 72 115
92 3 0 117 46 150 89
93 3 0 105 92 133 62
94 3 0 73 139 6 7
95 3 0 8 9 144 87
96 3 0 38 86 143 37
97 3 0 36 4 37 143
98 3 0 10 144 9 1
99 3 0 110 90 145 57
100 3 0 130 98 127 53
101 3 0 129 54 128 99
102 3 0 32 100 121 31
103 3 0 14 15 122 62
104 3 0 111 42 145 90
105 3 0 23 101 123 22
106 3 0 94 97 151 44
107 3 0 79 12 13 119
108 3 0 80 120 33 34
109 3 0 81 30 31 121
110 3 0 82 122 15 16
111 3 0 145 42 148 91
112 3 0 83 21 22 123
113 3 0 84 124 24 25
114 3 0 113 91 148 65
115 3 0 141 95 148 42
116 3 0 118 95 141 66
117 3 0 121 100 132 61
118 3 0 58 146 43 93
119 3 0 123 101 137 64
120 3 0 72 56 151 97
121 3 0 64 150 46 103
122 3 0 104 147 0 5
123 3 0 71 138 63 109
124 3 0 5 6 139 104
125 3 0 55 96 43 142
126 3 0 39 40 112 140
127 3 0 142 47 149 55
128 3 0 94 44 135 59
129 3 0 69 141 42 111
