0 0.0000 0.0000
1 0.7500 0.0000
2 0.7500 2.0000
3 -0.7500 2.0000
4 -0.7500 0.0000
5 0.3750 0.0000
6 0.1875 0.0000
7 0.5625 0.0000
8 0.7500 0.5000
9 0.7500 1.0000
10 0.7500 1.5000
11 0.7500 0.2500
12 0.7500 0.7500
13 0.7500 1.2500
14 0.7500 1.7500
15 0.2500 2.0000
16 -0.2500 2.0000
17 0.5000 2.0000
18 0.0000 2.0000
19 -0.5000 2.0000
20 -0.7500 1.5000
21 -0.7500 1.0000
22 -0.7500 0.5000
23 -0.7500 1.7500
24 -0.7500 1.2500
25 -0.7500 0.7500
26 -0.7500 0.2500
27 -0.3750 0.0000
28 -0.5625 0.0000
29 -0.1875 0.0000
30 -0.0170 0.7446
31 0.0000 1.4942
32 0.1811 0.3551
33 -0.2503 0.4208
34 -0.2880 1.1699
35 0.2814 1.1760
36 0.4180 0.6709
37 -0.3711 1.6146
38 0.3707 1.6150
39 -0.4363 0.6809
40 -0.5625 0.2500
41 0.4948 0.3052
42 -0.1250 1.7471
43 0.1250 1.7471
44 0.1854 1.5546
45 0.3104 1.8075
46 -0.3105 1.8073
47 -0.1855 1.5544
48 0.1322 0.9603
49 -0.0033 1.1729
50 -0.1525 0.9572
51 -0.1252 0.2104
52 -0.3127 0.2104
53 -0.1440 1.3320
54 0.1407 1.3351
55 0.0905 0.1775
56 -0.0346 0.3879
57 0.2780 0.1775
58 -0.5190 1.0849
59 -0.5190 1.3349
60 0.5157 1.3380
61 0.5157 1.0880
62 -0.3296 1.3923
63 -0.5605 1.5573
64 0.5604 1.5575
65 0.3261 1.3955
66 -0.6563 0.1250
67 -0.6563 0.3750
68 0.6224 0.4026
69 0.6224 0.1526
70 -0.5605 1.8073
71 0.5604 1.8075
72 -0.1336 0.5827
73 0.0821 0.5498
74 0.3379 0.3301
75 0.4564 0.4881
76 0.2995 0.5130
77 -0.3433 0.5508
78 -0.4994 0.4654
79 -0.4064 0.3354
80 0.4349 0.1526
81 -0.2266 0.7127
82 -0.5932 0.5904
83 -0.4688 0.1250
84 0.5840 0.8355
85 0.5840 0.5855
86 0.2005 0.7078
87 -0.3622 0.9254
88 -0.5932 0.8404
89 0.3497 0.9235
