0 3 0 0 4 24 23
1 3 0 23 24 25 22
2 3 0 22 25 26 21
3 3 0 21 26 20 3
4 3 0 4 5 27 24
5 3 0 24 27 28 25
6 3 0 25 28 29 26
7 3 0 26 29 19 20
8 3 0 5 6 30 27
9 3 0 27 30 31 28
10 3 0 28 31 32 29
11 3 0 29 32 18 19
12 3 0 6 7 33 30
13 3 0 30 33 34 31
14 3 0 31 34 35 32
15 3 0 32 35 17 18
16 3 0 7 8 36 33
17 3 0 33 36 37 34
18 3 0 34 37 38 35
19 3 0 35 38 16 17
20 3 0 8 9 39 36
21 3 0 36 39 40 37
22 3 0 37 40 41 38
23 3 0 38 41 15 16
24 3 0 9 10 42 39
25 3 0 39 42 43 40
26 3 0 40 43 44 41
27 3 0 41 44 14 15
28 3 0 10 1 11 42
29 3 0 42 11 12 43
30 3 0 43 12 13 44
31 3 0 44 13 2 14
