0 0.0000 0.0000
1 1.0000 0.0000
2 1.0000 0.5000
3 0.0000 0.5000
4 0.1250 0.0000
5 0.2500 0.0000
6 0.3750 0.0000
7 0.5000 0.0000
8 0.6250 0.0000
9 0.7500 0.0000
10 0.8750 0.0000
11 1.0000 0.1250
12 1.0000 0.2500
13 1.0000 0.3750
14 0.8750 0.5000
15 0.7500 0.5000
16 0.6250 0.5000
17 0.5000 0.5000
18 0.3750 0.5000
19 0.2500 0.5000
20 0.1250 0.5000
21 0.0000 0.3750
22 0.0000 0.2500
23 0.0000 0.1250
24 0.1250 0.1250
25 0.1250 0.2500
26 0.1250 0.3750
27 0.2500 0.1250
28 0.2500 0.2500
29 0.2500 0.3750
30 0.3750 0.1250
31 0.3750 0.2500
32 0.3750 0.3750
33 0.5000 0.1250
34 0.5000 0.2500
35 0.5000 0.3750
36 0.6250 0.1250
37 0.6250 0.2500
38 0.6250 0.3750
39 0.7500 0.1250
40 0.7500 0.2500
41 0.7500 0.3750
42 0.8750 0.1250
43 0.8750 0.2500
44 0.8750 0.3750
