0 3 0 0 4 40 39
1 3 0 39 40 41 38
2 3 0 38 41 42 37
3 3 0 37 42 43 36
4 3 0 36 43 44 35
5 3 0 35 44 45 34
6 3 0 34 45 46 33
7 3 0 33 46 47 32
8 3 0 32 47 48 31
9 3 0 31 48 30 3
10 3 0 4 5 49 40
11 3 0 40 49 50 41
12 3 0 41 50 51 42
13 3 0 42 51 52 43
14 3 0 43 52 53 44
15 3 0 44 53 54 45
16 3 0 45 54 55 46
17 3 0 46 55 56 47
18 3 0 47 56 57 48
19 3 0 48 57 29 30
20 3 0 5 6 58 49
21 3 0 49 58 59 50
22 3 0 50 59 60 51
23 3 0 51 60 61 52
24 3 0 52 61 62 53
25 3 0 53 62 63 54
26 3 0 54 63 64 55
27 3 0 55 64 65 56
28 3 0 56 65 66 57
29 3 0 57 66 28 29
30 3 0 6 7 67 58
31 3 0 58 67 68 59
32 3 0 59 68 69 60
33 3 0 60 69 70 61
34 3 0 61 70 71 62
35 3 0 62 71 72 63
36 3 0 63 72 73 64
37 3 0 64 73 74 65
38 3 0 65 74 75 66
39 3 0 66 75 27 28
40 3 0 7 8 76 67
41 3 0 67 76 77 68
42 3 0 68 77 78 69
43 3 0 69 78 79 70
44 3 0 70 79 80 71
45 3 0 71 80 81 72
46 3 0 72 81 82 73
47 3 0 73 82 83 74
48 3 0 74 83 84 75
49 3 0 75 84 26 27
50 3 0 8 9 85 76
51 3 0 76 85 86 77
52 3 0 77 86 87 78
53 3 0 78 87 88 79
54 3 0 79 88 89 80
55 3 0 80 89 90 81
56 3 0 81 90 91 82
57 3 0 82 91 92 83
58 3 0 83 92 93 84
59 3 0 84 93 25 26
60 3 0 9 10 94 85
61 3 0 85 94 95 86
62 3 0 86 95 96 87
63 3 0 87 96 97 88
64 3 0 88 97 98 89
65 3 0 89 98 99 90
66 3 0 90 99 100 91
67 3 0 91 100 101 92
68 3 0 92 101 102 93
69 3 0 93 102 24 25
70 3 0 10 11 103 94
71 3 0 94 103 104 95
72 3 0 95 104 105 96
73 3 0 96 105 106 97
74 3 0 97 106 107 98
75 3 0 98 107 108 99
76 3 0 99 108 109 100
77 3 0 100 109 110 101
78 3 0 101 110 111 102
79 3 0 102 111 23 24
80 3 0 11 12 112 103
81 3 0 103 112 113 104
82 3 0 104 113 114 105
83 3 0 105 114 115 106
84 3 0 106 115 116 107
85 3 0 107 116 117 108
86 3 0 108 117 118 109
87 3 0 109 118 119 110
88 3 0 110 119 120 111
89 3 0 111 120 22 23
90 3 0 12 1 13 112
91 3 0 112 13 14 113
92 3 0 113 14 15 114
93 3 0 114 15 16 115
94 3 0 115 16 17 116
95 3 0 116 17 18 117
96 3 0 117 18 19 118
97 3 0 118 19 20 119
98 3 0 119 20 21 120
99 3 0 120 21 2 22
