    0              0.000000              0.000000
    1             -2.517282              3.108584
    2              0.000000              6.217168
    3              2.517282              3.108584
    4             -0.062932              0.077715
    5             -0.125864              0.155429
    6             -0.188796              0.233144
    7             -0.251728              0.310858
    8             -0.314660              0.388573
    9             -0.377592              0.466288
   10             -0.440524              0.544002
   11             -0.503456              0.621717
   12             -0.566388              0.699431
   13             -0.629320              0.777146
   14             -0.692252              0.854861
   15             -0.755184              0.932575
   16             -0.818117              1.010290
   17             -0.881049              1.088004
   18             -0.943981              1.165719
   19             -1.006913              1.243434
   20             -1.069845              1.321148
   21             -1.132777              1.398863
   22             -1.195709              1.476577
   23             -1.258641              1.554292
   24             -1.321573              1.632007
   25             -1.384505              1.709721
   26             -1.447437              1.787436
   27             -1.510369              1.865150
   28             -1.573301              1.942865
   29             -1.636233              2.020579
   30             -1.699165              2.098294
   31             -1.762097              2.176009
   32             -1.825029              2.253723
   33             -1.887961              2.331438
   34             -1.950893              2.409152
   35             -2.013825              2.486867
   36             -2.076757              2.564582
   37             -2.139689              2.642296
   38             -2.202621              2.720011
   39             -2.265553              2.797725
   40             -2.328485              2.875440
   41             -2.391417              2.953155
   42             -2.454350              3.030869
   43             -2.454350              3.186298
   44             -2.391417              3.264013
   45             -2.328485              3.341728
   46             -2.265553              3.419442
   47             -2.202621              3.497157
   48             -2.139689              3.574871
   49             -2.076757              3.652586
   50             -2.013825              3.730301
   51             -1.950893              3.808015
   52             -1.887961              3.885730
   53             -1.825029              3.963444
   54             -1.762097              4.041159
   55             -1.699165              4.118874
   56             -1.636233              4.196588
   57             -1.573301              4.274303
   58             -1.510369              4.352017
   59             -1.447437              4.429732
   60             -1.384505              4.507447
   61             -1.321573              4.585161
   62             -1.258641              4.662876
   63             -1.195709              4.740590
   64             -1.132777              4.818305
   65             -1.069845              4.896020
   66             -1.006913              4.973734
   67             -0.943981              5.051449
   68             -0.881049              5.129163
   69             -0.818117              5.206878
   70             -0.755184              5.284593
   71             -0.692252              5.362307
   72             -0.629320              5.440022
   73             -0.566388              5.517736
   74             -0.503456              5.595451
   75             -0.440524              5.673166
   76             -0.377592              5.750880
   77             -0.314660              5.828595
   78             -0.251728              5.906309
   79             -0.188796              5.984024
   80             -0.125864              6.061738
   81             -0.062932              6.139453
   82              0.062932              6.139453
   83              0.125864              6.061738
   84              0.188796              5.984024
   85              0.251728              5.906309
   86              0.314660              5.828595
   87              0.377592              5.750880
   88              0.440524              5.673166
   89              0.503456              5.595451
   90              0.566388              5.517736
   91              0.629320              5.440022
   92              0.692252              5.362307
   93              0.755184              5.284593
   94              0.818117              5.206878
   95              0.881049              5.129163
   96              0.943981              5.051449
   97              1.006913              4.973734
   98              1.069845              4.896020
   99              1.132777              4.818305
  100              1.195709              4.740590
  101              1.258641              4.662876
  102              1.321573              4.585161
  103              1.384505              4.507447
  104              1.447437              4.429732
  105              1.510369              4.352017
  106              1.573301              4.274303
  107              1.636233              4.196588
  108              1.699165              4.118874
  109              1.762097              4.041159
  110              1.825029              3.963444
  111              1.887961              3.885730
  112              1.950893              3.808015
  113              2.013825              3.730301
  114              2.076757              3.652586
  115              2.139689              3.574871
  116              2.202621              3.497157
  117              2.265553              3.419442
  118              2.328485              3.341728
  119              2.391417              3.264013
  120              2.454350              3.186298
  121              2.454350              3.030869
  122              2.391417              2.953155
  123              2.328485              2.875440
  124              2.265553              2.797725
  125              2.202621              2.720011
  126              2.139689              2.642296
  127              2.076757              2.564582
  128              2.013825              2.486867
  129              1.950893              2.409152
  130              1.887961              2.331438
  131              1.825029              2.253723
  132              1.762097              2.176009
  133              1.699165              2.098294
  134              1.636233              2.020579
  135              1.573301              1.942865
  136              1.510369              1.865150
  137              1.447437              1.787436
  138              1.384505              1.709721
  139              1.321573              1.632007
  140              1.258641              1.554292
  141              1.195709              1.476577
  142              1.132777              1.398863
  143              1.069845              1.321148
  144              1.006913              1.243434
  145              0.943981              1.165719
  146              0.881049              1.088004
  147              0.818117              1.010290
  148              0.755184              0.932575
  149              0.692252              0.854861
  150              0.629320              0.777146
  151              0.566388              0.699431
  152              0.503456              0.621717
  153              0.440524              0.544002
  154              0.377592              0.466288
  155              0.314660              0.388573
  156              0.251728              0.310858
  157              0.188796              0.233144
  158              0.125864              0.155429
  159              0.062932              0.077715
  160              0.000000              0.155429
  161              0.062932              0.233144
  162              0.125864              0.310858
  163              0.188796              0.388573
  164              0.251728              0.466288
  165              0.314660              0.544002
  166              0.377592              0.621717
  167              0.440524              0.699431
  168              0.503456              0.777146
  169              0.566388              0.854861
  170              0.629320              0.932575
  171              0.692252              1.010290
  172              0.755184              1.088004
  173              0.818117              1.165719
  174              0.881049              1.243434
  175              0.943981              1.321148
  176              1.006913              1.398863
  177              1.069845              1.476577
  178              1.132777              1.554292
  179              1.195709              1.632007
  180              1.258641              1.709721
  181              1.321573              1.787436
  182              1.384505              1.865150
  183              1.447437              1.942865
  184              1.510369              2.020579
  185              1.573301              2.098294
  186              1.636233              2.176009
  187              1.699165              2.253723
  188              1.762097              2.331438
  189              1.825029              2.409152
  190              1.887961              2.486867
  191              1.950893              2.564582
  192              2.013825              2.642296
  193              2.076757              2.720011
  194              2.139689              2.797725
  195              2.202621              2.875440
  196              2.265553              2.953155
  197              2.328485              3.030869
  198              2.391417              3.108584
  199             -0.062932              0.233144
  200              0.000000              0.310858
  201              0.062932              0.388573
  202              0.125864              0.466288
  203              0.188796              0.544002
  204              0.251728              0.621717
  205              0.314660              0.699431
  206              0.377592              0.777146
  207              0.440524              0.854861
  208              0.503456              0.932575
  209              0.566388              1.010290
  210              0.629320              1.088004
  211              0.692252              1.165719
  212              0.755184              1.243434
  213              0.818117              1.321148
  214              0.881049              1.398863
  215              0.943981              1.476577
  216              1.006913              1.554292
  217              1.069845              1.632007
  218              1.132777              1.709721
  219              1.195709              1.787436
  220              1.258641              1.865150
  221              1.321573              1.942865
  222              1.384505              2.020579
  223              1.447437              2.098294
  224              1.510369              2.176009
  225              1.573301              2.253723
  226              1.636233              2.331438
  227              1.699165              2.409152
  228              1.762097              2.486867
  229              1.825029              2.564582
  230              1.887961              2.642296
  231              1.950893              2.720011
  232              2.013825              2.797725
  233              2.076757              2.875440
  234              2.139689              2.953155
  235              2.202621              3.030869
  236              2.265553              3.108584
  237              2.328485              3.186298
  238             -0.125864              0.310858
  239             -0.062932              0.388573
  240              0.000000              0.466288
  241              0.062932              0.544002
  242              0.125864              0.621717
  243              0.188796              0.699431
  244              0.251728              0.777146
  245              0.314660              0.854861
  246              0.377592              0.932575
  247              0.440524              1.010290
  248              0.503456              1.088004
  249              0.566388              1.165719
  250              0.629320              1.243434
  251              0.692252              1.321148
  252              0.755184              1.398863
  253              0.818117              1.476577
  254              0.881049              1.554292
  255              0.943981              1.632007
  256              1.006913              1.709721
  257              1.069845              1.787436
  258              1.132777              1.865150
  259              1.195709              1.942865
  260              1.258641              2.020579
  261              1.321573              2.098294
  262              1.384505              2.176009
  263              1.447437              2.253723
  264              1.510369              2.331438
  265              1.573301              2.409152
  266              1.636233              2.486867
  267              1.699165              2.564582
  268              1.762097              2.642296
  269              1.825029              2.720011
  270              1.887961              2.797725
  271              1.950893              2.875440
  272              2.013825              2.953155
  273              2.076757              3.030869
  274              2.139689              3.108584
  275              2.202621              3.186298
  276              2.265553              3.264013
  277             -0.188796              0.388573
  278             -0.125864              0.466288
  279             -0.062932              0.544002
  280              0.000000              0.621717
  281              0.062932              0.699431
  282              0.125864              0.777146
  283              0.188796              0.854861
  284              0.251728              0.932575
  285              0.314660              1.010290
  286              0.377592              1.088004
  287              0.440524              1.165719
  288              0.503456              1.243434
  289              0.566388              1.321148
  290              0.629320              1.398863
  291              0.692252              1.476577
  292              0.755184              1.554292
  293              0.818117              1.632007
  294              0.881049              1.709721
  295              0.943981              1.787436
  296              1.006913              1.865150
  297              1.069845              1.942865
  298              1.132777              2.020579
  299              1.195709              2.098294
  300              1.258641              2.176009
  301              1.321573              2.253723
  302              1.384505              2.331438
  303              1.447437              2.409152
  304              1.510369              2.486867
  305              1.573301              2.564582
  306              1.636233              2.642296
  307              1.699165              2.720011
  308              1.762097              2.797725
  309              1.825029              2.875440
  310              1.887961              2.953155
  311              1.950893              3.030869
  312              2.013825              3.108584
  313              2.076757              3.186298
  314              2.139689              3.264013
  315              2.202621              3.341728
  316             -0.251728              0.466288
  317             -0.188796              0.544002
  318             -0.125864              0.621717
  319             -0.062932              0.699431
  320              0.000000              0.777146
  321              0.062932              0.854861
  322              0.125864              0.932575
  323              0.188796              1.010290
  324              0.251728              1.088004
  325              0.314660              1.165719
  326              0.377592              1.243434
  327              0.440524              1.321148
  328              0.503456              1.398863
  329              0.566388              1.476577
  330              0.629320              1.554292
  331              0.692252              1.632007
  332              0.755184              1.709721
  333              0.818117              1.787436
  334              0.881049              1.865150
  335              0.943981              1.942865
  336              1.006913              2.020579
  337              1.069845              2.098294
  338              1.132777              2.176009
  339              1.195709              2.253723
  340              1.258641              2.331438
  341              1.321573              2.409152
  342              1.384505              2.486867
  343              1.447437              2.564582
  344              1.510369              2.642296
  345              1.573301              2.720011
  346              1.636233              2.797725
  347              1.699165              2.875440
  348              1.762097              2.953155
  349              1.825029              3.030869
  350              1.887961              3.108584
  351              1.950893              3.186298
  352              2.013825              3.264013
  353              2.076757              3.341728
  354              2.139689              3.419442
  355             -0.314660              0.544002
  356             -0.251728              0.621717
  357             -0.188796              0.699431
  358             -0.125864              0.777146
  359             -0.062932              0.854861
  360              0.000000              0.932575
  361              0.062932              1.010290
  362              0.125864              1.088004
  363              0.188796              1.165719
  364              0.251728              1.243434
  365              0.314660              1.321148
  366              0.377592              1.398863
  367              0.440524              1.476577
  368              0.503456              1.554292
  369              0.566388              1.632007
  370              0.629320              1.709721
  371              0.692252              1.787436
  372              0.755184              1.865150
  373              0.818117              1.942865
  374              0.881049              2.020579
  375              0.943981              2.098294
  376              1.006913              2.176009
  377              1.069845              2.253723
  378              1.132777              2.331438
  379              1.195709              2.409152
  380              1.258641              2.486867
  381              1.321573              2.564582
  382              1.384505              2.642296
  383              1.447437              2.720011
  384              1.510369              2.797725
  385              1.573301              2.875440
  386              1.636233              2.953155
  387              1.699165              3.030869
  388              1.762097              3.108584
  389              1.825029              3.186298
  390              1.887961              3.264013
  391              1.950893              3.341728
  392              2.013825              3.419442
  393              2.076757              3.497157
  394             -0.377592              0.621717
  395             -0.314660              0.699431
  396             -0.251728              0.777146
  397             -0.188796              0.854861
  398             -0.125864              0.932575
  399             -0.062932              1.010290
  400              0.000000              1.088004
  401              0.062932              1.165719
  402              0.125864              1.243434
  403              0.188796              1.321148
  404              0.251728              1.398863
  405              0.314660              1.476577
  406              0.377592              1.554292
  407              0.440524              1.632007
  408              0.503456              1.709721
  409              0.566388              1.787436
  410              0.629320              1.865150
  411              0.692252              1.942865
  412              0.755184              2.020579
  413              0.818117              2.098294
  414              0.881049              2.176009
  415              0.943981              2.253723
  416              1.006913              2.331438
  417              1.069845              2.409152
  418              1.132777              2.486867
  419              1.195709              2.564582
  420              1.258641              2.642296
  421              1.321573              2.720011
  422              1.384505              2.797725
  423              1.447437              2.875440
  424              1.510369              2.953155
  425              1.573301              3.030869
  426              1.636233              3.108584
  427              1.699165              3.186298
  428              1.762097              3.264013
  429              1.825029              3.341728
  430              1.887961              3.419442
  431              1.950893              3.497157
  432              2.013825              3.574871
  433             -0.440524              0.699431
  434             -0.377592              0.777146
  435             -0.314660              0.854861
  436             -0.251728              0.932575
  437             -0.188796              1.010290
  438             -0.125864              1.088004
  439             -0.062932              1.165719
  440              0.000000              1.243434
  441              0.062932              1.321148
  442              0.125864              1.398863
  443              0.188796              1.476577
  444              0.251728              1.554292
  445              0.314660              1.632007
  446              0.377592              1.709721
  447              0.440524              1.787436
  448              0.503456              1.865150
  449              0.566388              1.942865
  450              0.629320              2.020579
  451              0.692252              2.098294
  452              0.755184              2.176009
  453              0.818117              2.253723
  454              0.881049              2.331438
  455              0.943981              2.409152
  456              1.006913              2.486867
  457              1.069845              2.564582
  458              1.132777              2.642296
  459              1.195709              2.720011
  460              1.258641              2.797725
  461              1.321573              2.875440
  462              1.384505              2.953155
  463              1.447437              3.030869
  464              1.510369              3.108584
  465              1.573301              3.186298
  466              1.636233              3.264013
  467              1.699165              3.341728
  468              1.762097              3.419442
  469              1.825029              3.497157
  470              1.887961              3.574871
  471              1.950893              3.652586
  472             -0.503456              0.777146
  473             -0.440524              0.854861
  474             -0.377592              0.932575
  475             -0.314660              1.010290
  476             -0.251728              1.088004
  477             -0.188796              1.165719
  478             -0.125864              1.243434
  479             -0.062932              1.321148
  480              0.000000              1.398863
  481              0.062932              1.476577
  482              0.125864              1.554292
  483              0.188796              1.632007
  484              0.251728              1.709721
  485              0.314660              1.787436
  486              0.377592              1.865150
  487              0.440524              1.942865
  488              0.503456              2.020579
  489              0.566388              2.098294
  490              0.629320              2.176009
  491              0.692252              2.253723
  492              0.755184              2.331438
  493              0.818117              2.409152
  494              0.881049              2.486867
  495              0.943981              2.564582
  496              1.006913              2.642296
  497              1.069845              2.720011
  498              1.132777              2.797725
  499              1.195709              2.875440
  500              1.258641              2.953155
  501              1.321573              3.030869
  502              1.384505              3.108584
  503              1.447437              3.186298
  504              1.510369              3.264013
  505              1.573301              3.341728
  506              1.636233              3.419442
  507              1.699165              3.497157
  508              1.762097              3.574871
  509              1.825029              3.652586
  510              1.887961              3.730301
  511             -0.566388              0.854861
  512             -0.503456              0.932575
  513             -0.440524              1.010290
  514             -0.377592              1.088004
  515             -0.314660              1.165719
  516             -0.251728              1.243434
  517             -0.188796              1.321148
  518             -0.125864              1.398863
  519             -0.062932              1.476577
  520              0.000000              1.554292
  521              0.062932              1.632007
  522              0.125864              1.709721
  523              0.188796              1.787436
  524              0.251728              1.865150
  525              0.314660              1.942865
  526              0.377592              2.020579
  527              0.440524              2.098294
  528              0.503456              2.176009
  529              0.566388              2.253723
  530              0.629320              2.331438
  531              0.692252              2.409152
  532              0.755184              2.486867
  533              0.818117              2.564582
  534              0.881049              2.642296
  535              0.943981              2.720011
  536              1.006913              2.797725
  537              1.069845              2.875440
  538              1.132777              2.953155
  539              1.195709              3.030869
  540              1.258641              3.108584
  541              1.321573              3.186298
  542              1.384505              3.264013
  543              1.447437              3.341728
  544              1.510369              3.419442
  545              1.573301              3.497157
  546              1.636233              3.574871
  547              1.699165              3.652586
  548              1.762097              3.730301
  549              1.825029              3.808015
  550             -0.629320              0.932575
  551             -0.566388              1.010290
  552             -0.503456              1.088004
  553             -0.440524              1.165719
  554             -0.377592              1.243434
  555             -0.314660              1.321148
  556             -0.251728              1.398863
  557             -0.188796              1.476577
  558             -0.125864              1.554292
  559             -0.062932              1.632007
  560              0.000000              1.709721
  561              0.062932              1.787436
  562              0.125864              1.865150
  563              0.188796              1.942865
  564              0.251728              2.020579
  565              0.314660              2.098294
  566              0.377592              2.176009
  567              0.440524              2.253723
  568              0.503456              2.331438
  569              0.566388              2.409152
  570              0.629320              2.486867
  571              0.692252              2.564582
  572              0.755184              2.642296
  573              0.818117              2.720011
  574              0.881049              2.797725
  575              0.943981              2.875440
  576              1.006913              2.953155
  577              1.069845              3.030869
  578              1.132777              3.108584
  579              1.195709              3.186298
  580              1.258641              3.264013
  581              1.321573              3.341728
  582              1.384505              3.419442
  583              1.447437              3.497157
  584              1.510369              3.574871
  585              1.573301              3.652586
  586              1.636233              3.730301
  587              1.699165              3.808015
  588              1.762097              3.885730
  589             -0.692252              1.010290
  590             -0.629320              1.088004
  591             -0.566388              1.165719
  592             -0.503456              1.243434
  593             -0.440524              1.321148
  594             -0.377592              1.398863
  595             -0.314660              1.476577
  596             -0.251728              1.554292
  597             -0.188796              1.632007
  598             -0.125864              1.709721
  599             -0.062932              1.787436
  600              0.000000              1.865150
  601              0.062932              1.942865
  602              0.125864              2.020579
  603              0.188796              2.098294
  604              0.251728              2.176009
  605              0.314660              2.253723
  606              0.377592              2.331438
  607              0.440524              2.409152
  608              0.503456              2.486867
  609              0.566388              2.564582
  610              0.629320              2.642296
  611              0.692252              2.720011
  612              0.755184              2.797725
  613              0.818117              2.875440
  614              0.881049              2.953155
  615              0.943981              3.030869
  616              1.006913              3.108584
  617              1.069845              3.186298
  618              1.132777              3.264013
  619              1.195709              3.341728
  620              1.258641              3.419442
  621              1.321573              3.497157
  622              1.384505              3.574871
  623              1.447437              3.652586
  624              1.510369              3.730301
  625              1.573301              3.808015
  626              1.636233              3.885730
  627              1.699165              3.963444
  628             -0.755184              1.088004
  629             -0.692252              1.165719
  630             -0.629320              1.243434
  631             -0.566388              1.321148
  632             -0.503456              1.398863
  633             -0.440524              1.476577
  634             -0.377592              1.554292
  635             -0.314660              1.632007
  636             -0.251728              1.709721
  637             -0.188796              1.787436
  638             -0.125864              1.865150
  639             -0.062932              1.942865
  640              0.000000              2.020579
  641              0.062932              2.098294
  642              0.125864              2.176009
  643              0.188796              2.253723
  644              0.251728              2.331438
  645              0.314660              2.409152
  646              0.377592              2.486867
  647              0.440524              2.564582
  648              0.503456              2.642296
  649              0.566388              2.720011
  650              0.629320              2.797725
  651              0.692252              2.875440
  652              0.755184              2.953155
  653              0.818117              3.030869
  654              0.881049              3.108584
  655              0.943981              3.186298
  656              1.006913              3.264013
  657              1.069845              3.341728
  658              1.132777              3.419442
  659              1.195709              3.497157
  660              1.258641              3.574871
  661              1.321573              3.652586
  662              1.384505              3.730301
  663              1.447437              3.808015
  664              1.510369              3.885730
  665              1.573301              3.963444
  666              1.636233              4.041159
  667             -0.818117              1.165719
  668             -0.755184              1.243434
  669             -0.692252              1.321148
  670             -0.629320              1.398863
  671             -0.566388              1.476577
  672             -0.503456              1.554292
  673             -0.440524              1.632007
  674             -0.377592              1.709721
  675             -0.314660              1.787436
  676             -0.251728              1.865150
  677             -0.188796              1.942865
  678             -0.125864              2.020579
  679             -0.062932              2.098294
  680              0.000000              2.176009
  681              0.062932              2.253723
  682              0.125864              2.331438
  683              0.188796              2.409152
  684              0.251728              2.486867
  685              0.314660              2.564582
  686              0.377592              2.642296
  687              0.440524              2.720011
  688              0.503456              2.797725
  689              0.566388              2.875440
  690              0.629320              2.953155
  691              0.692252              3.030869
  692              0.755184              3.108584
  693              0.818117              3.186298
  694              0.881049              3.264013
  695              0.943981              3.341728
  696              1.006913              3.419442
  697              1.069845              3.497157
  698              1.132777              3.574871
  699              1.195709              3.652586
  700              1.258641              3.730301
  701              1.321573              3.808015
  702              1.384505              3.885730
  703              1.447437              3.963444
  704              1.510369              4.041159
  705              1.573301              4.118874
  706             -0.881049              1.243434
  707             -0.818117              1.321148
  708             -0.755184              1.398863
  709             -0.692252              1.476577
  710             -0.629320              1.554292
  711             -0.566388              1.632007
  712             -0.503456              1.709721
  713             -0.440524              1.787436
  714             -0.377592              1.865150
  715             -0.314660              1.942865
  716             -0.251728              2.020579
  717             -0.188796              2.098294
  718             -0.125864              2.176009
  719             -0.062932              2.253723
  720              0.000000              2.331438
  721              0.062932              2.409152
  722              0.125864              2.486867
  723              0.188796              2.564582
  724              0.251728              2.642296
  725              0.314660              2.720011
  726              0.377592              2.797725
  727              0.440524              2.875440
  728              0.503456              2.953155
  729              0.566388              3.030869
  730              0.629320              3.108584
  731              0.692252              3.186298
  732              0.755184              3.264013
  733              0.818117              3.341728
  734              0.881049              3.419442
  735              0.943981              3.497157
  736              1.006913              3.574871
  737              1.069845              3.652586
  738              1.132777              3.730301
  739              1.195709              3.808015
  740              1.258641              3.885730
  741              1.321573              3.963444
  742              1.384505              4.041159
  743              1.447437              4.118874
  744              1.510369              4.196588
  745             -0.943981              1.321148
  746             -0.881049              1.398863
  747             -0.818117              1.476577
  748             -0.755184              1.554292
  749             -0.692252              1.632007
  750             -0.629320              1.709721
  751             -0.566388              1.787436
  752             -0.503456              1.865150
  753             -0.440524              1.942865
  754             -0.377592              2.020579
  755             -0.314660              2.098294
  756             -0.251728              2.176009
  757             -0.188796              2.253723
  758             -0.125864              2.331438
  759             -0.062932              2.409152
  760              0.000000              2.486867
  761              0.062932              2.564582
  762              0.125864              2.642296
  763              0.188796              2.720011
  764              0.251728              2.797725
  765              0.314660              2.875440
  766              0.377592              2.953155
  767              0.440524              3.030869
  768              0.503456              3.108584
  769              0.566388              3.186298
  770              0.629320              3.264013
  771              0.692252              3.341728
  772              0.755184              3.419442
  773              0.818117              3.497157
  774              0.881049              3.574871
  775              0.943981              3.652586
  776              1.006913              3.730301
  777              1.069845              3.808015
  778              1.132777              3.885730
  779              1.195709              3.963444
  780              1.258641              4.041159
  781              1.321573              4.118874
  782              1.384505              4.196588
  783              1.447437              4.274303
  784             -1.006913              1.398863
  785             -0.943981              1.476577
  786             -0.881049              1.554292
  787             -0.818117              1.632007
  788             -0.755184              1.709721
  789             -0.692252              1.787436
  790             -0.629320              1.865150
  791             -0.566388              1.942865
  792             -0.503456              2.020579
  793             -0.440524              2.098294
  794             -0.377592              2.176009
  795             -0.314660              2.253723
  796             -0.251728              2.331438
  797             -0.188796              2.409152
  798             -0.125864              2.486867
  799             -0.062932              2.564582
  800              0.000000              2.642296
  801              0.062932              2.720011
  802              0.125864              2.797725
  803              0.188796              2.875440
  804              0.251728              2.953155
  805              0.314660              3.030869
  806              0.377592              3.108584
  807              0.440524              3.186298
  808              0.503456              3.264013
  809              0.566388              3.341728
  810              0.629320              3.419442
  811              0.692252              3.497157
  812              0.755184              3.574871
  813              0.818117              3.652586
  814              0.881049              3.730301
  815              0.943981              3.808015
  816              1.006913              3.885730
  817              1.069845              3.963444
  818              1.132777              4.041159
  819              1.195709              4.118874
  820              1.258641              4.196588
  821              1.321573              4.274303
  822              1.384505              4.352017
  823             -1.069845              1.476577
  824             -1.006913              1.554292
  825             -0.943981              1.632007
  826             -0.881049              1.709721
  827             -0.818117              1.787436
  828             -0.755184              1.865150
  829             -0.692252              1.942865
  830             -0.629320              2.020579
  831             -0.566388              2.098294
  832             -0.503456              2.176009
  833             -0.440524              2.253723
  834             -0.377592              2.331438
  835             -0.314660              2.409152
  836             -0.251728              2.486867
  837             -0.188796              2.564582
  838             -0.125864              2.642296
  839             -0.062932              2.720011
  840              0.000000              2.797725
  841              0.062932              2.875440
  842              0.125864              2.953155
  843              0.188796              3.030869
  844              0.251728              3.108584
  845              0.314660              3.186298
  846              0.377592              3.264013
  847              0.440524              3.341728
  848              0.503456              3.419442
  849              0.566388              3.497157
  850              0.629320              3.574871
  851              0.692252              3.652586
  852              0.755184              3.730301
  853              0.818117              3.808015
  854              0.881049              3.885730
  855              0.943981              3.963444
  856              1.006913              4.041159
  857              1.069845              4.118874
  858              1.132777              4.196588
  859              1.195709              4.274303
  860              1.258641              4.352017
  861              1.321573              4.429732
  862             -1.132777              1.554292
  863             -1.069845              1.632007
  864             -1.006913              1.709721
  865             -0.943981              1.787436
  866             -0.881049              1.865150
  867             -0.818117              1.942865
  868             -0.755184              2.020579
  869             -0.692252              2.098294
  870             -0.629320              2.176009
  871             -0.566388              2.253723
  872             -0.503456              2.331438
  873             -0.440524              2.409152
  874             -0.377592              2.486867
  875             -0.314660              2.564582
  876             -0.251728              2.642296
  877             -0.188796              2.720011
  878             -0.125864              2.797725
  879             -0.062932              2.875440
  880              0.000000              2.953155
  881              0.062932              3.030869
  882              0.125864              3.108584
  883              0.188796              3.186298
  884              0.251728              3.264013
  885              0.314660              3.341728
  886              0.377592              3.419442
  887              0.440524              3.497157
  888              0.503456              3.574871
  889              0.566388              3.652586
  890              0.629320              3.730301
  891              0.692252              3.808015
  892              0.755184              3.885730
  893              0.818117              3.963444
  894              0.881049              4.041159
  895              0.943981              4.118874
  896              1.006913              4.196588
  897              1.069845              4.274303
  898              1.132777              4.352017
  899              1.195709              4.429732
  900              1.258641              4.507447
  901             -1.195709              1.632007
  902             -1.132777              1.709721
  903             -1.069845              1.787436
  904             -1.006913              1.865150
  905             -0.943981              1.942865
  906             -0.881049              2.020579
  907             -0.818117              2.098294
  908             -0.755184              2.176009
  909             -0.692252              2.253723
  910             -0.629320              2.331438
  911             -0.566388              2.409152
  912             -0.503456              2.486867
  913             -0.440524              2.564582
  914             -0.377592              2.642296
  915             -0.314660              2.720011
  916             -0.251728              2.797725
  917             -0.188796              2.875440
  918             -0.125864              2.953155
  919             -0.062932              3.030869
  920              0.000000              3.108584
  921              0.062932              3.186298
  922              0.125864              3.264013
  923              0.188796              3.341728
  924              0.251728              3.419442
  925              0.314660              3.497157
  926              0.377592              3.574871
  927              0.440524              3.652586
  928              0.503456              3.730301
  929              0.566388              3.808015
  930              0.629320              3.885730
  931              0.692252              3.963444
  932              0.755184              4.041159
  933              0.818117              4.118874
  934              0.881049              4.196588
  935              0.943981              4.274303
  936              1.006913              4.352017
  937              1.069845              4.429732
  938              1.132777              4.507447
  939              1.195709              4.585161
  940             -1.258641              1.709721
  941             -1.195709              1.787436
  942             -1.132777              1.865150
  943             -1.069845              1.942865
  944             -1.006913              2.020579
  945             -0.943981              2.098294
  946             -0.881049              2.176009
  947             -0.818117              2.253723
  948             -0.755184              2.331438
  949             -0.692252              2.409152
  950             -0.629320              2.486867
  951             -0.566388              2.564582
  952             -0.503456              2.642296
  953             -0.440524              2.720011
  954             -0.377592              2.797725
  955             -0.314660              2.875440
  956             -0.251728              2.953155
  957             -0.188796              3.030869
  958             -0.125864              3.108584
  959             -0.062932              3.186298
  960             -0.000000              3.264013
  961              0.062932              3.341728
  962              0.125864              3.419442
  963              0.188796              3.497157
  964              0.251728              3.574871
  965              0.314660              3.652586
  966              0.377592              3.730301
  967              0.440524              3.808015
  968              0.503456              3.885730
  969              0.566388              3.963444
  970              0.629320              4.041159
  971              0.692252              4.118874
  972              0.755184              4.196588
  973              0.818117              4.274303
  974              0.881049              4.352017
  975              0.943981              4.429732
  976              1.006913              4.507447
  977              1.069845              4.585161
  978              1.132777              4.662876
  979             -1.321573              1.787436
  980             -1.258641              1.865150
  981             -1.195709              1.942865
  982             -1.132777              2.020579
  983             -1.069845              2.098294
  984             -1.006913              2.176009
  985             -0.943981              2.253723
  986             -0.881049              2.331438
  987             -0.818117              2.409152
  988             -0.755184              2.486867
  989             -0.692252              2.564582
  990             -0.629320              2.642296
  991             -0.566388              2.720011
  992             -0.503456              2.797725
  993             -0.440524              2.875440
  994             -0.377592              2.953155
  995             -0.314660              3.030869
  996             -0.251728              3.108584
  997             -0.188796              3.186298
  998             -0.125864              3.264013
  999             -0.062932              3.341728
 1000             -0.000000              3.419442
 1001              0.062932              3.497157
 1002              0.125864              3.574871
 1003              0.188796              3.652586
 1004              0.251728              3.730301
 1005              0.314660              3.808015
 1006              0.377592              3.885730
 1007              0.440524              3.963444
 1008              0.503456              4.041159
 1009              0.566388              4.118874
 1010              0.629320              4.196588
 1011              0.692252              4.274303
 1012              0.755184              4.352017
 1013              0.818117              4.429732
 1014              0.881049              4.507447
 1015              0.943981              4.585161
 1016              1.006913              4.662876
 1017              1.069845              4.740590
 1018             -1.384505              1.865150
 1019             -1.321573              1.942865
 1020             -1.258641              2.020579
 1021             -1.195709              2.098294
 1022             -1.132777              2.176009
 1023             -1.069845              2.253723
 1024             -1.006913              2.331438
 1025             -0.943981              2.409152
 1026             -0.881049              2.486867
 1027             -0.818117              2.564582
 1028             -0.755184              2.642296
 1029             -0.692252              2.720011
 1030             -0.629320              2.797725
 1031             -0.566388              2.875440
 1032             -0.503456              2.953155
 1033             -0.440524              3.030869
 1034             -0.377592              3.108584
 1035             -0.314660              3.186298
 1036             -0.251728              3.264013
 1037             -0.188796              3.341728
 1038             -0.125864              3.419442
 1039             -0.062932              3.497157
 1040             -0.000000              3.574871
 1041              0.062932              3.652586
 1042              0.125864              3.730301
 1043              0.188796              3.808015
 1044              0.251728              3.885730
 1045              0.314660              3.963444
 1046              0.377592              4.041159
 1047              0.440524              4.118874
 1048              0.503456              4.196588
 1049              0.566388              4.274303
 1050              0.629320              4.352017
 1051              0.692252              4.429732
 1052              0.755184              4.507447
 1053              0.818117              4.585161
 1054              0.881049              4.662876
 1055              0.943981              4.740590
 1056              1.006913              4.818305
 1057             -1.447437              1.942865
 1058             -1.384505              2.020579
 1059             -1.321573              2.098294
 1060             -1.258641              2.176009
 1061             -1.195709              2.253723
 1062             -1.132777              2.331438
 1063             -1.069845              2.409152
 1064             -1.006913              2.486867
 1065             -0.943981              2.564582
 1066             -0.881049              2.642296
 1067             -0.818117              2.720011
 1068             -0.755184              2.797725
 1069             -0.692252              2.875440
 1070             -0.629320              2.953155
 1071             -0.566388              3.030869
 1072             -0.503456              3.108584
 1073             -0.440524              3.186298
 1074             -0.377592              3.264013
 1075             -0.314660              3.341728
 1076             -0.251728              3.419442
 1077             -0.188796              3.497157
 1078             -0.125864              3.574871
 1079             -0.062932              3.652586
 1080             -0.000000              3.730301
 1081              0.062932              3.808015
 1082              0.125864              3.885730
 1083              0.188796              3.963444
 1084              0.251728              4.041159
 1085              0.314660              4.118874
 1086              0.377592              4.196588
 1087              0.440524              4.274303
 1088              0.503456              4.352017
 1089              0.566388              4.429732
 1090              0.629320              4.507447
 1091              0.692252              4.585161
 1092              0.755184              4.662876
 1093              0.818117              4.740590
 1094              0.881049              4.818305
 1095              0.943981              4.896020
 1096             -1.510369              2.020579
 1097             -1.447437              2.098294
 1098             -1.384505              2.176009
 1099             -1.321573              2.253723
 1100             -1.258641              2.331438
 1101             -1.195709              2.409152
 1102             -1.132777              2.486867
 1103             -1.069845              2.564582
 1104             -1.006913              2.642296
 1105             -0.943981              2.720011
 1106             -0.881049              2.797725
 1107             -0.818117              2.875440
 1108             -0.755184              2.953155
 1109             -0.692252              3.030869
 1110             -0.629320              3.108584
 1111             -0.566388              3.186298
 1112             -0.503456              3.264013
 1113             -0.440524              3.341728
 1114             -0.377592              3.419442
 1115             -0.314660              3.497157
 1116             -0.251728              3.574871
 1117             -0.188796              3.652586
 1118             -0.125864              3.730301
 1119             -0.062932              3.808015
 1120             -0.000000              3.885730
 1121              0.062932              3.963444
 1122              0.125864              4.041159
 1123              0.188796              4.118874
 1124              0.251728              4.196588
 1125              0.314660              4.274303
 1126              0.377592              4.352017
 1127              0.440524              4.429732
 1128              0.503456              4.507447
 1129              0.566388              4.585161
 1130              0.629320              4.662876
 1131              0.692252              4.740590
 1132              0.755184              4.818305
 1133              0.818117              4.896020
 1134              0.881049              4.973734
 1135             -1.573301              2.098294
 1136             -1.510369              2.176009
 1137             -1.447437              2.253723
 1138             -1.384505              2.331438
 1139             -1.321573              2.409152
 1140             -1.258641              2.486867
 1141             -1.195709              2.564582
 1142             -1.132777              2.642296
 1143             -1.069845              2.720011
 1144             -1.006913              2.797725
 1145             -0.943981              2.875440
 1146             -0.881049              2.953155
 1147             -0.818117              3.030869
 1148             -0.755184              3.108584
 1149             -0.692252              3.186298
 1150             -0.629320              3.264013
 1151             -0.566388              3.341728
 1152             -0.503456              3.419442
 1153             -0.440524              3.497157
 1154             -0.377592              3.574871
 1155             -0.314660              3.652586
 1156             -0.251728              3.730301
 1157             -0.188796              3.808015
 1158             -0.125864              3.885730
 1159             -0.062932              3.963444
 1160             -0.000000              4.041159
 1161              0.062932              4.118874
 1162              0.125864              4.196588
 1163              0.188796              4.274303
 1164              0.251728              4.352017
 1165              0.314660              4.429732
 1166              0.377592              4.507447
 1167              0.440524              4.585161
 1168              0.503456              4.662876
 1169              0.566388              4.740590
 1170              0.629320              4.818305
 1171              0.692252              4.896020
 1172              0.755184              4.973734
 1173              0.818117              5.051449
 1174             -1.636233              2.176009
 1175             -1.573301              2.253723
 1176             -1.510369              2.331438
 1177             -1.447437              2.409152
 1178             -1.384505              2.486867
 1179             -1.321573              2.564582
 1180             -1.258641              2.642296
 1181             -1.195709              2.720011
 1182             -1.132777              2.797725
 1183             -1.069845              2.875440
 1184             -1.006913              2.953155
 1185             -0.943981              3.030869
 1186             -0.881049              3.108584
 1187             -0.818117              3.186298
 1188             -0.755184              3.264013
 1189             -0.692252              3.341728
 1190             -0.629320              3.419442
 1191             -0.566388              3.497157
 1192             -0.503456              3.574871
 1193             -0.440524              3.652586
 1194             -0.377592              3.730301
 1195             -0.314660              3.808015
 1196             -0.251728              3.885730
 1197             -0.188796              3.963444
 1198             -0.125864              4.041159
 1199             -0.062932              4.118874
 1200             -0.000000              4.196588
 1201              0.062932              4.274303
 1202              0.125864              4.352017
 1203              0.188796              4.429732
 1204              0.251728              4.507447
 1205              0.314660              4.585161
 1206              0.377592              4.662876
 1207              0.440524              4.740590
 1208              0.503456              4.818305
 1209              0.566388              4.896020
 1210              0.629320              4.973734
 1211              0.692252              5.051449
 1212              0.755184              5.129163
 1213             -1.699165              2.253723
 1214             -1.636233              2.331438
 1215             -1.573301              2.409152
 1216             -1.510369              2.486867
 1217             -1.447437              2.564582
 1218             -1.384505              2.642296
 1219             -1.321573              2.720011
 1220             -1.258641              2.797725
 1221             -1.195709              2.875440
 1222             -1.132777              2.953155
 1223             -1.069845              3.030869
 1224             -1.006913              3.108584
 1225             -0.943981              3.186298
 1226             -0.881049              3.264013
 1227             -0.818117              3.341728
 1228             -0.755184              3.419442
 1229             -0.692252              3.497157
 1230             -0.629320              3.574871
 1231             -0.566388              3.652586
 1232             -0.503456              3.730301
 1233             -0.440524              3.808015
 1234             -0.377592              3.885730
 1235             -0.314660              3.963444
 1236             -0.251728              4.041159
 1237             -0.188796              4.118874
 1238             -0.125864              4.196588
 1239             -0.062932              4.274303
 1240             -0.000000              4.352017
 1241              0.062932              4.429732
 1242              0.125864              4.507447
 1243              0.188796              4.585161
 1244              0.251728              4.662876
 1245              0.314660              4.740590
 1246              0.377592              4.818305
 1247              0.440524              4.896020
 1248              0.503456              4.973734
 1249              0.566388              5.051449
 1250              0.629320              5.129163
 1251              0.692252              5.206878
 1252             -1.762097              2.331438
 1253             -1.699165              2.409152
 1254             -1.636233              2.486867
 1255             -1.573301              2.564582
 1256             -1.510369              2.642296
 1257             -1.447437              2.720011
 1258             -1.384505              2.797725
 1259             -1.321573              2.875440
 1260             -1.258641              2.953155
 1261             -1.195709              3.030869
 1262             -1.132777              3.108584
 1263             -1.069845              3.186298
 1264             -1.006913              3.264013
 1265             -0.943981              3.341728
 1266             -0.881049              3.419442
 1267             -0.818117              3.497157
 1268             -0.755184              3.574871
 1269             -0.692252              3.652586
 1270             -0.629320              3.730301
 1271             -0.566388              3.808015
 1272             -0.503456              3.885730
 1273             -0.440524              3.963444
 1274             -0.377592              4.041159
 1275             -0.314660              4.118874
 1276             -0.251728              4.196588
 1277             -0.188796              4.274303
 1278             -0.125864              4.352017
 1279             -0.062932              4.429732
 1280             -0.000000              4.507447
 1281              0.062932              4.585161
 1282              0.125864              4.662876
 1283              0.188796              4.740590
 1284              0.251728              4.818305
 1285              0.314660              4.896020
 1286              0.377592              4.973734
 1287              0.440524              5.051449
 1288              0.503456              5.129163
 1289              0.566388              5.206878
 1290              0.629320              5.284593
 1291             -1.825029              2.409152
 1292             -1.762097              2.486867
 1293             -1.699165              2.564582
 1294             -1.636233              2.642296
 1295             -1.573301              2.720011
 1296             -1.510369              2.797725
 1297             -1.447437              2.875440
 1298             -1.384505              2.953155
 1299             -1.321573              3.030869
 1300             -1.258641              3.108584
 1301             -1.195709              3.186298
 1302             -1.132777              3.264013
 1303             -1.069845              3.341728
 1304             -1.006913              3.419442
 1305             -0.943981              3.497157
 1306             -0.881049              3.574871
 1307             -0.818117              3.652586
 1308             -0.755184              3.730301
 1309             -0.692252              3.808015
 1310             -0.629320              3.885730
 1311             -0.566388              3.963444
 1312             -0.503456              4.041159
 1313             -0.440524              4.118874
 1314             -0.377592              4.196588
 1315             -0.314660              4.274303
 1316             -0.251728              4.352017
 1317             -0.188796              4.429732
 1318             -0.125864              4.507447
 1319             -0.062932              4.585161
 1320             -0.000000              4.662876
 1321              0.062932              4.740590
 1322              0.125864              4.818305
 1323              0.188796              4.896020
 1324              0.251728              4.973734
 1325              0.314660              5.051449
 1326              0.377592              5.129163
 1327              0.440524              5.206878
 1328              0.503456              5.284593
 1329              0.566388              5.362307
 1330             -1.887961              2.486867
 1331             -1.825029              2.564582
 1332             -1.762097              2.642296
 1333             -1.699165              2.720011
 1334             -1.636233              2.797725
 1335             -1.573301              2.875440
 1336             -1.510369              2.953155
 1337             -1.447437              3.030869
 1338             -1.384505              3.108584
 1339             -1.321573              3.186298
 1340             -1.258641              3.264013
 1341             -1.195709              3.341728
 1342             -1.132777              3.419442
 1343             -1.069845              3.497157
 1344             -1.006913              3.574871
 1345             -0.943981              3.652586
 1346             -0.881049              3.730301
 1347             -0.818117              3.808015
 1348             -0.755184              3.885730
 1349             -0.692252              3.963444
 1350             -0.629320              4.041159
 1351             -0.566388              4.118874
 1352             -0.503456              4.196588
 1353             -0.440524              4.274303
 1354             -0.377592              4.352017
 1355             -0.314660              4.429732
 1356             -0.251728              4.507447
 1357             -0.188796              4.585161
 1358             -0.125864              4.662876
 1359             -0.062932              4.740590
 1360             -0.000000              4.818305
 1361              0.062932              4.896020
 1362              0.125864              4.973734
 1363              0.188796              5.051449
 1364              0.251728              5.129163
 1365              0.314660              5.206878
 1366              0.377592              5.284593
 1367              0.440524              5.362307
 1368              0.503456              5.440022
 1369             -1.950893              2.564582
 1370             -1.887961              2.642296
 1371             -1.825029              2.720011
 1372             -1.762097              2.797725
 1373             -1.699165              2.875440
 1374             -1.636233              2.953155
 1375             -1.573301              3.030869
 1376             -1.510369              3.108584
 1377             -1.447437              3.186298
 1378             -1.384505              3.264013
 1379             -1.321573              3.341728
 1380             -1.258641              3.419442
 1381             -1.195709              3.497157
 1382             -1.132777              3.574871
 1383             -1.069845              3.652586
 1384             -1.006913              3.730301
 1385             -0.943981              3.808015
 1386             -0.881049              3.885730
 1387             -0.818117              3.963444
 1388             -0.755184              4.041159
 1389             -0.692252              4.118874
 1390             -0.629320              4.196588
 1391             -0.566388              4.274303
 1392             -0.503456              4.352017
 1393             -0.440524              4.429732
 1394             -0.377592              4.507447
 1395             -0.314660              4.585161
 1396             -0.251728              4.662876
 1397             -0.188796              4.740590
 1398             -0.125864              4.818305
 1399             -0.062932              4.896020
 1400             -0.000000              4.973734
 1401              0.062932              5.051449
 1402              0.125864              5.129163
 1403              0.188796              5.206878
 1404              0.251728              5.284593
 1405              0.314660              5.362307
 1406              0.377592              5.440022
 1407              0.440524              5.517736
 1408             -2.013825              2.642296
 1409             -1.950893              2.720011
 1410             -1.887961              2.797725
 1411             -1.825029              2.875440
 1412             -1.762097              2.953155
 1413             -1.699165              3.030869
 1414             -1.636233              3.108584
 1415             -1.573301              3.186298
 1416             -1.510369              3.264013
 1417             -1.447437              3.341728
 1418             -1.384505              3.419442
 1419             -1.321573              3.497157
 1420             -1.258641              3.574871
 1421             -1.195709              3.652586
 1422             -1.132777              3.730301
 1423             -1.069845              3.808015
 1424             -1.006913              3.885730
 1425             -0.943981              3.963444
 1426             -0.881049              4.041159
 1427             -0.818117              4.118874
 1428             -0.755184              4.196588
 1429             -0.692252              4.274303
 1430             -0.629320              4.352017
 1431             -0.566388              4.429732
 1432             -0.503456              4.507447
 1433             -0.440524              4.585161
 1434             -0.377592              4.662876
 1435             -0.314660              4.740590
 1436             -0.251728              4.818305
 1437             -0.188796              4.896020
 1438             -0.125864              4.973734
 1439             -0.062932              5.051449
 1440             -0.000000              5.129163
 1441              0.062932              5.206878
 1442              0.125864              5.284593
 1443              0.188796              5.362307
 1444              0.251728              5.440022
 1445              0.314660              5.517736
 1446              0.377592              5.595451
 1447             -2.076757              2.720011
 1448             -2.013825              2.797725
 1449             -1.950893              2.875440
 1450             -1.887961              2.953155
 1451             -1.825029              3.030869
 1452             -1.762097              3.108584
 1453             -1.699165              3.186298
 1454             -1.636233              3.264013
 1455             -1.573301              3.341728
 1456             -1.510369              3.419442
 1457             -1.447437              3.497157
 1458             -1.384505              3.574871
 1459             -1.321573              3.652586
 1460             -1.258641              3.730301
 1461             -1.195709              3.808015
 1462             -1.132777              3.885730
 1463             -1.069845              3.963444
 1464             -1.006913              4.041159
 1465             -0.943981              4.118874
 1466             -0.881049              4.196588
 1467             -0.818117              4.274303
 1468             -0.755184              4.352017
 1469             -0.692252              4.429732
 1470             -0.629320              4.507447
 1471             -0.566388              4.585161
 1472             -0.503456              4.662876
 1473             -0.440524              4.740590
 1474             -0.377592              4.818305
 1475             -0.314660              4.896020
 1476             -0.251728              4.973734
 1477             -0.188796              5.051449
 1478             -0.125864              5.129163
 1479             -0.062932              5.206878
 1480             -0.000000              5.284593
 1481              0.062932              5.362307
 1482              0.125864              5.440022
 1483              0.188796              5.517736
 1484              0.251728              5.595451
 1485              0.314660              5.673166
 1486             -2.139689              2.797725
 1487             -2.076757              2.875440
 1488             -2.013825              2.953155
 1489             -1.950893              3.030869
 1490             -1.887961              3.108584
 1491             -1.825029              3.186298
 1492             -1.762097              3.264013
 1493             -1.699165              3.341728
 1494             -1.636233              3.419442
 1495             -1.573301              3.497157
 1496             -1.510369              3.574871
 1497             -1.447437              3.652586
 1498             -1.384505              3.730301
 1499             -1.321573              3.808015
 1500             -1.258641              3.885730
 1501             -1.195709              3.963444
 1502             -1.132777              4.041159
 1503             -1.069845              4.118874
 1504             -1.006913              4.196588
 1505             -0.943981              4.274303
 1506             -0.881049              4.352017
 1507             -0.818117              4.429732
 1508             -0.755184              4.507447
 1509             -0.692252              4.585161
 1510             -0.629320              4.662876
 1511             -0.566388              4.740590
 1512             -0.503456              4.818305
 1513             -0.440524              4.896020
 1514             -0.377592              4.973734
 1515             -0.314660              5.051449
 1516             -0.251728              5.129163
 1517             -0.188796              5.206878
 1518             -0.125864              5.284593
 1519             -0.062932              5.362307
 1520             -0.000000              5.440022
 1521              0.062932              5.517736
 1522              0.125864              5.595451
 1523              0.188796              5.673166
 1524              0.251728              5.750880
 1525             -2.202621              2.875440
 1526             -2.139689              2.953155
 1527             -2.076757              3.030869
 1528             -2.013825              3.108584
 1529             -1.950893              3.186298
 1530             -1.887961              3.264013
 1531             -1.825029              3.341728
 1532             -1.762097              3.419442
 1533             -1.699165              3.497157
 1534             -1.636233              3.574871
 1535             -1.573301              3.652586
 1536             -1.510369              3.730301
 1537             -1.447437              3.808015
 1538             -1.384505              3.885730
 1539             -1.321573              3.963444
 1540             -1.258641              4.041159
 1541             -1.195709              4.118874
 1542             -1.132777              4.196588
 1543             -1.069845              4.274303
 1544             -1.006913              4.352017
 1545             -0.943981              4.429732
 1546             -0.881049              4.507447
 1547             -0.818117              4.585161
 1548             -0.755184              4.662876
 1549             -0.692252              4.740590
 1550             -0.629320              4.818305
 1551             -0.566388              4.896020
 1552             -0.503456              4.973734
 1553             -0.440524              5.051449
 1554             -0.377592              5.129163
 1555             -0.314660              5.206878
 1556             -0.251728              5.284593
 1557             -0.188796              5.362307
 1558             -0.125864              5.440022
 1559             -0.062932              5.517736
 1560             -0.000000              5.595451
 1561              0.062932              5.673166
 1562              0.125864              5.750880
 1563              0.188796              5.828595
 1564             -2.265553              2.953155
 1565             -2.202621              3.030869
 1566             -2.139689              3.108584
 1567             -2.076757              3.186298
 1568             -2.013825              3.264013
 1569             -1.950893              3.341728
 1570             -1.887961              3.419442
 1571             -1.825029              3.497157
 1572             -1.762097              3.574871
 1573             -1.699165              3.652586
 1574             -1.636233              3.730301
 1575             -1.573301              3.808015
 1576             -1.510369              3.885730
 1577             -1.447437              3.963444
 1578             -1.384505              4.041159
 1579             -1.321573              4.118874
 1580             -1.258641              4.196588
 1581             -1.195709              4.274303
 1582             -1.132777              4.352017
 1583             -1.069845              4.429732
 1584             -1.006913              4.507447
 1585             -0.943981              4.585161
 1586             -0.881049              4.662876
 1587             -0.818117              4.740590
 1588             -0.755184              4.818305
 1589             -0.692252              4.896020
 1590             -0.629320              4.973734
 1591             -0.566388              5.051449
 1592             -0.503456              5.129163
 1593             -0.440524              5.206878
 1594             -0.377592              5.284593
 1595             -0.314660              5.362307
 1596             -0.251728              5.440022
 1597             -0.188796              5.517736
 1598             -0.125864              5.595451
 1599             -0.062932              5.673166
 1600             -0.000000              5.750880
 1601              0.062932              5.828595
 1602              0.125864              5.906309
 1603             -2.328485              3.030869
 1604             -2.265553              3.108584
 1605             -2.202621              3.186298
 1606             -2.139689              3.264013
 1607             -2.076757              3.341728
 1608             -2.013825              3.419442
 1609             -1.950893              3.497157
 1610             -1.887961              3.574871
 1611             -1.825029              3.652586
 1612             -1.762097              3.730301
 1613             -1.699165              3.808015
 1614             -1.636233              3.885730
 1615             -1.573301              3.963444
 1616             -1.510369              4.041159
 1617             -1.447437              4.118874
 1618             -1.384505              4.196588
 1619             -1.321573              4.274303
 1620             -1.258641              4.352017
 1621             -1.195709              4.429732
 1622             -1.132777              4.507447
 1623             -1.069845              4.585161
 1624             -1.006913              4.662876
 1625             -0.943981              4.740590
 1626             -0.881049              4.818305
 1627             -0.818117              4.896020
 1628             -0.755184              4.973734
 1629             -0.692252              5.051449
 1630             -0.629320              5.129163
 1631             -0.566388              5.206878
 1632             -0.503456              5.284593
 1633             -0.440524              5.362307
 1634             -0.377592              5.440022
 1635             -0.314660              5.517736
 1636             -0.251728              5.595451
 1637             -0.188796              5.673166
 1638             -0.125864              5.750880
 1639             -0.062932              5.828595
 1640             -0.000000              5.906309
 1641              0.062932              5.984024
 1642             -2.391417              3.108584
 1643             -2.328485              3.186298
 1644             -2.265553              3.264013
 1645             -2.202621              3.341728
 1646             -2.139689              3.419442
 1647             -2.076757              3.497157
 1648             -2.013825              3.574871
 1649             -1.950893              3.652586
 1650             -1.887961              3.730301
 1651             -1.825029              3.808015
 1652             -1.762097              3.885730
 1653             -1.699165              3.963444
 1654             -1.636233              4.041159
 1655             -1.573301              4.118874
 1656             -1.510369              4.196588
 1657             -1.447437              4.274303
 1658             -1.384505              4.352017
 1659             -1.321573              4.429732
 1660             -1.258641              4.507447
 1661             -1.195709              4.585161
 1662             -1.132777              4.662876
 1663             -1.069845              4.740590
 1664             -1.006913              4.818305
 1665             -0.943981              4.896020
 1666             -0.881049              4.973734
 1667             -0.818117              5.051449
 1668             -0.755184              5.129163
 1669             -0.692252              5.206878
 1670             -0.629320              5.284593
 1671             -0.566388              5.362307
 1672             -0.503456              5.440022
 1673             -0.440524              5.517736
 1674             -0.377592              5.595451
 1675             -0.314660              5.673166
 1676             -0.251728              5.750880
 1677             -0.188796              5.828595
 1678             -0.125864              5.906309
 1679             -0.062932              5.984024
 1680             -0.000000              6.061738
