0 3 0 166 165 1052 813
1 3 0 103 102 1051 814
2 3 0 753 534 380 1126
3 3 0 754 533 381 1125
4 3 0 757 1124 384 537
5 3 0 758 1123 385 538
6 3 0 755 1121 382 535
7 3 0 756 1122 383 536
8 3 0 513 631 386 1053
9 3 0 514 632 387 1054
10 3 0 329 648 373 644
11 3 0 517 1055 388 633
12 3 0 518 1056 389 634
13 3 0 100 875 478 1094
14 3 0 519 637 390 1071
15 3 0 520 638 391 1072
16 3 0 759 539 386 1120
17 3 0 760 540 387 1119
18 3 0 761 1118 388 541
19 3 0 762 1117 389 542
20 3 0 326 654 379 659
21 3 0 327 653 378 660
22 3 0 325 664 377 658
23 3 0 324 663 376 657
24 3 0 320 661 370 651
25 3 0 323 656 375 666
26 3 0 763 543 390 1116
27 3 0 764 544 391 1115
28 3 0 1037 433 944 548
29 3 0 1036 432 943 547
30 3 0 808 1049 95 94
31 3 0 807 1050 158 157
32 3 0 645 823 92 91
33 3 0 646 824 155 154
34 3 0 352 783 336 609
35 3 0 353 784 337 610
36 3 0 354 611 338 785
37 3 0 355 612 339 786
38 3 0 367 624 350 798
39 3 0 366 623 351 797
40 3 0 356 787 340 613
41 3 0 357 788 341 614
42 3 0 364 795 348 621
43 3 0 365 796 349 622
44 3 0 358 615 342 789
45 3 0 359 616 343 790
46 3 0 362 619 346 793
47 3 0 363 620 347 794
48 3 0 360 791 344 617
49 3 0 361 792 345 618
50 3 0 929 1078 413 708
51 3 0 930 1077 412 707
52 3 0 931 706 407 1074
53 3 0 932 705 406 1073
54 3 0 933 1068 405 704
55 3 0 934 1067 404 703
56 3 0 935 702 401 1064
57 3 0 936 701 400 1063
58 3 0 937 1060 397 700
59 3 0 938 1059 396 699
60 3 0 870 876 162 161
61 3 0 860 473 810 323
62 3 0 857 320 821 474
63 3 0 1093 163 162 876
64 3 0 326 863 468 799
65 3 0 327 864 469 800
66 3 0 324 801 470 861
67 3 0 325 802 471 862
68 3 0 685 198 683 560
69 3 0 691 202 693 553
70 3 0 709 414 1081 928
71 3 0 710 415 1082 927
72 3 0 1162 495 1166 268
73 3 0 1163 496 1167 269
74 3 0 711 925 1085 420
75 3 0 712 926 1086 421
76 3 0 713 422 1089 923
77 3 0 714 423 1090 924
78 3 0 467 869 98 97
79 3 0 1042 870 161 160
80 3 0 917 368 913 528
81 3 0 918 369 914 527
82 3 0 913 645 91 90
83 3 0 914 646 154 153
84 3 0 168 167 1304 822
85 3 0 716 221 1152 508
86 3 0 283 572 1093 1251
87 3 0 286 574 288 595
88 3 0 287 573 289 596
89 3 0 333 752 461 868
90 3 0 949 479 947 254
91 3 0 950 480 948 255
92 3 0 1177 481 951 256
93 3 0 1176 482 952 257
94 3 0 733 505 1141 220
95 3 0 734 506 1140 221
96 3 0 1175 258 953 483
97 3 0 1174 259 954 484
98 3 0 1173 485 955 260
99 3 0 1172 486 956 261
100 3 0 1171 262 957 487
101 3 0 1170 263 958 488
102 3 0 1169 489 959 264
103 3 0 1168 490 960 265
104 3 0 1165 266 962 493
105 3 0 1164 267 961 494
106 3 0 504 827 249 1193
107 3 0 503 828 248 1194
108 3 0 84 809 1270 85
109 3 0 292 576 290 593
110 3 0 293 575 291 594
111 3 0 296 597 294 578
112 3 0 297 598 295 577
113 3 0 300 580 298 599
114 3 0 301 579 299 600
115 3 0 304 601 302 582
116 3 0 305 602 303 581
117 3 0 308 584 306 603
118 3 0 309 583 307 604
119 3 0 312 605 310 585
120 3 0 313 606 311 586
121 3 0 316 587 314 607
122 3 0 317 588 315 608
123 3 0 472 809 1255 322
124 3 0 506 1195 251 831
125 3 0 505 1196 250 832
126 3 0 285 1212 467 568
127 3 0 1197 458 1205 715
128 3 0 208 1221 543 763
129 3 0 459 716 508 1198
130 3 0 220 507 1197 715
131 3 0 802 325 658 1265
132 3 0 801 324 657 1264
133 3 0 498 209 594 722
134 3 0 810 1256 656 323
135 3 0 502 216 603 729
136 3 0 1201 282 1032 571
137 3 0 649 645 913 368
138 3 0 650 646 914 369
139 3 0 476 853 240 1202
140 3 0 210 761 541 1231
141 3 0 211 762 542 1232
142 3 0 475 1004 239 858
143 3 0 474 1003 238 857
144 3 0 897 1238 315 588
145 3 0 898 1299 314 587
146 3 0 896 588 317 1206
147 3 0 895 587 316 1302
148 3 0 899 585 310 1297
149 3 0 900 586 311 1298
150 3 0 893 1300 312 585
151 3 0 894 1301 313 586
152 3 0 901 1292 307 583
153 3 0 902 1291 306 584
154 3 0 891 583 309 1296
155 3 0 892 584 308 1295
156 3 0 903 581 303 1290
157 3 0 904 582 302 1289
158 3 0 889 1294 305 581
159 3 0 890 1293 304 582
160 3 0 473 860 243 1002
161 3 0 472 859 242 1001
162 3 0 907 1284 299 579
163 3 0 908 1283 298 580
164 3 0 909 577 295 1281
165 3 0 910 578 294 1280
166 3 0 887 579 301 1288
167 3 0 888 580 300 1287
168 3 0 885 1286 297 577
169 3 0 886 1285 296 578
170 3 0 212 1239 539 759
171 3 0 213 1240 540 760
172 3 0 911 1275 291 575
173 3 0 912 1274 290 576
174 3 0 883 575 293 1279
175 3 0 884 576 292 1278
176 3 0 905 573 287 1273
177 3 0 906 574 286 1272
178 3 0 881 1277 289 573
179 3 0 882 1276 288 574
180 3 0 799 1308 654 326
181 3 0 800 1307 653 327
182 3 0 475 321 1263 822
183 3 0 1213 567 1029 284
184 3 0 94 93 1261 808
185 3 0 157 156 1260 807
186 3 0 285 568 428 1028
187 3 0 214 757 537 1241
188 3 0 215 758 538 1242
189 3 0 217 1245 533 754
190 3 0 821 320 651 1262
191 3 0 218 755 535 1249
192 3 0 219 756 536 1250
193 3 0 1234 802 176 175
194 3 0 1015 249 1185 1305
195 3 0 1016 248 1186 1306
196 3 0 330 832 462 720
197 3 0 331 831 463 719
198 3 0 283 1033 431 572
199 3 0 507 867 252 1197
200 3 0 508 868 253 1198
201 3 0 242 1009 519 1142
202 3 0 243 1010 520 1143
203 3 0 244 1146 517 1011
204 3 0 245 1147 518 1012
205 3 0 152 151 803 527
206 3 0 89 88 804 528
207 3 0 247 1014 514 1145
208 3 0 733 220 715 607
209 3 0 317 608 221 716
210 3 0 767 611 14 15
211 3 0 768 612 46 47
212 3 0 771 615 10 11
213 3 0 772 616 42 43
214 3 0 775 619 6 7
215 3 0 776 620 38 39
216 3 0 778 623 2 3
217 3 0 777 624 34 35
218 3 0 329 717 464 827
219 3 0 109 108 873 530
220 3 0 125 124 782 548
221 3 0 721 208 763 593
222 3 0 1222 764 594 209
223 3 0 143 531 866 144
224 3 0 723 597 761 210
225 3 0 724 598 762 211
226 3 0 625 380 534 1043
227 3 0 725 212 759 599
228 3 0 726 213 760 600
229 3 0 382 1045 272 535
230 3 0 383 1046 273 536
231 3 0 381 533 270 1044
232 3 0 727 601 757 214
233 3 0 728 602 758 215
234 3 0 1246 753 603 216
235 3 0 730 217 754 604
236 3 0 384 1047 274 537
237 3 0 385 1048 275 538
238 3 0 387 540 276 1054
239 3 0 386 539 277 1053
240 3 0 731 605 755 218
241 3 0 732 606 756 219
242 3 0 389 1056 278 542
243 3 0 388 1055 279 541
244 3 0 391 544 281 1072
245 3 0 390 543 280 1071
246 3 0 477 824 646 319
247 3 0 476 823 645 318
248 3 0 171 529 835 172
249 3 0 187 547 943 188
250 3 0 218 1148 828 503
251 3 0 135 549 812 136
252 3 0 72 550 811 73
253 3 0 369 918 1222 650
254 3 0 368 917 1221 649
255 3 0 371 662 1232 921
256 3 0 370 661 1231 920
257 3 0 917 528 1030 280
258 3 0 375 1182 1240 666
259 3 0 374 922 1239 665
260 3 0 117 116 825 545
261 3 0 471 1000 245 862
262 3 0 470 999 244 861
263 3 0 81 80 856 532
264 3 0 376 663 1241 940
265 3 0 377 664 1242 939
266 3 0 232 892 414 709
267 3 0 233 891 415 710
268 3 0 234 895 422 713
269 3 0 237 896 423 714
270 3 0 235 711 420 893
271 3 0 236 712 421 894
272 3 0 378 942 1245 660
273 3 0 379 941 1246 659
274 3 0 208 721 1184 497
275 3 0 469 864 247 997
276 3 0 468 863 246 996
277 3 0 210 491 1179 723
278 3 0 211 492 1180 724
279 3 0 212 725 1187 499
280 3 0 213 726 1188 1155
281 3 0 221 608 315 734
282 3 0 214 500 1190 727
283 3 0 215 501 1189 728
284 3 0 373 648 1250 1104
285 3 0 372 647 1249 919
286 3 0 1214 278 1026 529
287 3 0 920 279 1025 530
288 3 0 452 1192 502 729
289 3 0 217 730 1191 1153
290 3 0 218 503 1194 731
291 3 0 219 504 1193 732
292 3 0 1182 531 1024 276
293 3 0 1181 532 1023 277
294 3 0 456 1196 505 733
295 3 0 457 1195 506 734
296 3 0 18 19 839 609
297 3 0 50 51 840 610
298 3 0 54 55 841 614
299 3 0 22 23 842 613
300 3 0 26 27 845 617
301 3 0 58 59 846 618
302 3 0 62 63 849 621
303 3 0 30 31 850 622
304 3 0 1043 534 941 271
305 3 0 179 546 880 180
306 3 0 609 765 17 18
307 3 0 610 766 49 50
308 3 0 613 769 21 22
309 3 0 614 770 53 54
310 3 0 118 879 442 878
311 3 0 617 773 25 26
312 3 0 618 774 57 58
313 3 0 621 780 61 62
314 3 0 622 779 29 30
315 3 0 71 871 441 916
316 3 0 134 872 440 915
317 3 0 940 274 1038 545
318 3 0 939 275 1039 546
319 3 0 527 281 544 918
320 3 0 697 551 1089 422
321 3 0 698 552 1090 423
322 3 0 695 420 1085 551
323 3 0 696 421 1086 552
324 3 0 693 426 1087 553
325 3 0 694 427 1088 554
326 3 0 689 555 1083 424
327 3 0 690 556 1084 425
328 3 0 691 553 1081 414
329 3 0 692 554 1082 415
330 3 0 684 419 1080 559
331 3 0 683 418 1079 560
332 3 0 680 561 1076 417
333 3 0 679 562 1075 416
334 3 0 668 403 1062 557
335 3 0 667 402 1061 558
336 3 0 670 557 1058 399
337 3 0 669 558 1057 398
338 3 0 676 411 1070 563
339 3 0 675 410 1069 564
340 3 0 672 565 1066 409
341 3 0 671 566 1065 408
342 3 0 1036 547 1103 272
343 3 0 1037 548 1104 273
344 3 0 567 159 158 1050
345 3 0 568 96 95 1049
346 3 0 246 863 502 1192
347 3 0 247 864 1153 1191
348 3 0 1138 641 994 394
349 3 0 1137 642 995 395
350 3 0 644 1282 717 329
351 3 0 244 1190 500 861
352 3 0 245 1189 501 862
353 3 0 1161 392 986 639
354 3 0 1160 393 987 640
355 3 0 1045 382 966 627
356 3 0 1046 383 967 628
357 3 0 1048 385 968 629
358 3 0 1047 384 969 630
359 3 0 1044 626 963 381
360 3 0 569 330 720 1092
361 3 0 570 331 719 1091
362 3 0 140 800 469 1209
363 3 0 77 799 468 1208
364 3 0 112 1233 470 801
365 3 0 1151 220 1141 635
366 3 0 1152 221 1140 636
367 3 0 220 1151 867 507
368 3 0 506 831 331 1140
369 3 0 505 832 330 1141
370 3 0 1311 481 1177 839
371 3 0 1312 482 1176 840
372 3 0 1313 837 1175 483
373 3 0 1314 838 1174 484
374 3 0 1315 485 1173 842
375 3 0 1316 486 1172 841
376 3 0 1317 844 1171 487
377 3 0 1318 843 1170 488
378 3 0 1319 489 1169 845
379 3 0 1320 490 1168 846
380 3 0 1321 848 1165 493
381 3 0 1322 847 1164 494
382 3 0 1323 851 1166 495
383 3 0 1324 852 1167 496
384 3 0 1323 495 1162 849
385 3 0 1324 496 1163 850
386 3 0 718 828 1148 328
387 3 0 1029 567 1050 429
388 3 0 808 428 568 1049
389 3 0 1213 466 1042 567
390 3 0 148 810 473 1271
391 3 0 570 1139 752 333
392 3 0 572 1052 165 164
393 3 0 571 1051 102 101
394 3 0 104 1303 474 821
395 3 0 881 573 905 223
396 3 0 882 574 906 222
397 3 0 883 225 911 575
398 3 0 884 224 912 576
399 3 0 885 577 909 227
400 3 0 886 578 910 226
401 3 0 887 229 907 579
402 3 0 888 228 908 580
403 3 0 889 581 903 231
404 3 0 890 582 904 230
405 3 0 891 233 901 583
406 3 0 892 232 902 584
407 3 0 895 234 898 587
408 3 0 896 237 897 588
409 3 0 893 585 899 235
410 3 0 894 586 900 236
411 3 0 387 632 199 971
412 3 0 388 972 196 633
413 3 0 389 973 197 634
414 3 0 390 637 194 978
415 3 0 391 638 195 979
416 3 0 510 1021 250 1018
417 3 0 509 1022 251 1017
418 3 0 380 625 1111 202
419 3 0 963 626 1112 203
420 3 0 966 204 1113 627
421 3 0 967 205 1114 628
422 3 0 968 201 1109 629
423 3 0 969 200 1110 630
424 3 0 998 854 1183 241
425 3 0 251 1022 463 831
426 3 0 250 1021 462 832
427 3 0 511 1019 252 1178
428 3 0 512 1020 253 965
429 3 0 249 827 464 1185
430 3 0 248 828 465 1027
431 3 0 882 222 783 699
432 3 0 881 223 784 700
433 3 0 884 701 785 224
434 3 0 883 702 786 225
435 3 0 886 226 787 703
436 3 0 885 227 788 704
437 3 0 888 705 789 228
438 3 0 887 706 790 229
439 3 0 970 631 1107 198
440 3 0 890 230 791 707
441 3 0 889 231 792 708
442 3 0 362 793 232 709
443 3 0 363 794 233 710
444 3 0 364 711 235 795
445 3 0 365 712 236 796
446 3 0 366 797 234 713
447 3 0 367 798 237 714
448 3 0 199 632 453 1108
449 3 0 196 1105 450 633
450 3 0 197 1106 451 634
451 3 0 252 867 460 964
452 3 0 253 868 461 965
453 3 0 194 637 448 1101
454 3 0 195 638 449 1102
455 3 0 986 192 1097 639
456 3 0 987 193 1098 640
457 3 0 1201 571 1094 478
458 3 0 1032 430 1051 571
459 3 0 813 1052 572 431
460 3 0 994 641 1099 190
461 3 0 995 642 1100 191
462 3 0 240 853 497 1184
463 3 0 722 1183 854 498
464 3 0 526 833 282 1201
465 3 0 525 834 283 1251
466 3 0 523 1212 285 805
467 3 0 524 1213 284 806
468 3 0 238 1179 491 857
469 3 0 239 1180 492 858
470 3 0 242 859 499 1187
471 3 0 243 860 1155 1188
472 3 0 595 589 1210 206
473 3 0 596 590 1211 207
474 3 0 1043 510 1018 625
475 3 0 1044 509 1017 626
476 3 0 1045 627 1019 511
477 3 0 1046 628 1020 512
478 3 0 546 179 178 826
479 3 0 1048 629 1016 1306
480 3 0 1047 630 1015 1305
481 3 0 521 1005 238 1204
482 3 0 522 1006 239 1004
483 3 0 828 718 1254 465
484 3 0 596 207 1159 592
485 3 0 595 206 1158 591
486 3 0 1144 1013 631 513
487 3 0 126 944 433 830
488 3 0 515 1202 240 1007
489 3 0 516 1203 241 1008
490 3 0 595 288 1129 589
491 3 0 596 289 1130 590
492 3 0 595 591 1127 286
493 3 0 596 592 1128 287
494 3 0 833 589 1129 392
495 3 0 834 590 1130 393
496 3 0 805 394 1127 591
497 3 0 806 395 1128 592
498 3 0 545 879 118 117
499 3 0 877 181 180 880
500 3 0 1161 639 1005 521
501 3 0 1160 640 1006 522
502 3 0 549 135 134 915
503 3 0 550 72 71 916
504 3 0 336 783 222 993
505 3 0 337 784 223 992
506 3 0 1138 515 1007 641
507 3 0 1137 516 1008 642
508 3 0 338 991 224 785
509 3 0 339 990 225 786
510 3 0 340 787 226 989
511 3 0 341 788 227 988
512 3 0 342 985 228 789
513 3 0 343 984 229 790
514 3 0 344 791 230 983
515 3 0 345 792 231 982
516 3 0 346 981 232 793
517 3 0 347 980 233 794
518 3 0 348 795 235 976
519 3 0 349 796 236 977
520 3 0 351 975 234 797
521 3 0 350 974 237 798
522 3 0 1184 721 1215 446
523 3 0 1183 722 1216 447
524 3 0 751 867 1151 332
525 3 0 508 1152 333 868
526 3 0 1179 444 1217 723
527 3 0 1180 445 1218 724
528 3 0 1187 725 1223 448
529 3 0 1188 726 1224 449
530 3 0 1190 450 1225 727
531 3 0 1189 451 1226 728
532 3 0 1191 730 1230 453
533 3 0 1194 454 1235 731
534 3 0 1193 455 1236 732
535 3 0 611 837 13 14
536 3 0 612 838 45 46
537 3 0 1311 839 19 20
538 3 0 1312 840 51 52
539 3 0 1316 841 55 56
540 3 0 1315 842 23 24
541 3 0 615 844 9 10
542 3 0 616 843 41 42
543 3 0 1319 845 27 28
544 3 0 1320 846 59 60
545 3 0 620 847 37 38
546 3 0 619 848 5 6
547 3 0 1323 849 63 64
548 3 0 1324 850 31 32
549 3 0 623 851 0 2
550 3 0 624 852 33 34
551 3 0 657 1132 115 114
552 3 0 216 502 863 1154
553 3 0 653 138 137 1096
554 3 0 654 75 74 1095
555 3 0 783 352 938 699
556 3 0 784 353 937 700
557 3 0 785 701 936 354
558 3 0 786 702 935 355
559 3 0 787 356 934 703
560 3 0 788 357 933 704
561 3 0 789 705 932 358
562 3 0 790 706 931 359
563 3 0 79 78 818 1220
564 3 0 142 141 817 1219
565 3 0 791 360 930 707
566 3 0 792 361 929 708
567 3 0 662 371 1267 652
568 3 0 1111 625 1018 456
569 3 0 1112 626 1017 457
570 3 0 110 1200 820 111
571 3 0 173 1199 819 174
572 3 0 1109 454 1016 629
573 3 0 1110 455 1015 630
574 3 0 665 655 1247 374
575 3 0 1113 458 1019 627
576 3 0 1114 459 1020 628
577 3 0 643 1034 186 185
578 3 0 644 1035 123 122
579 3 0 867 751 1227 460
580 3 0 98 869 334 875
581 3 0 570 130 129 1139
582 3 0 569 67 66 332
583 3 0 1107 631 1013 452
584 3 0 514 1014 453 632
585 3 0 517 633 450 1011
586 3 0 518 634 451 1012
587 3 0 519 1009 448 637
588 3 0 520 1010 449 638
589 3 0 1097 444 1005 639
590 3 0 1098 445 1006 640
591 3 0 647 372 1034 643
592 3 0 1126 380 202 691
593 3 0 554 692 963 203
594 3 0 1099 641 1007 446
595 3 0 1100 642 1008 447
596 3 0 551 204 966 695
597 3 0 552 205 967 696
598 3 0 556 200 969 687
599 3 0 555 201 968 688
600 3 0 526 1252 334 946
601 3 0 525 1251 335 945
602 3 0 1120 970 198 685
603 3 0 559 686 971 199
604 3 0 562 196 972 681
605 3 0 561 197 973 682
606 3 0 564 677 978 194
607 3 0 563 678 979 195
608 3 0 566 192 986 673
609 3 0 565 193 987 674
610 3 0 558 669 994 190
611 3 0 557 670 995 191
612 3 0 528 913 90 89
613 3 0 527 914 153 152
614 3 0 569 1092 68 67
615 3 0 570 1091 131 130
616 3 0 150 149 815 1133
617 3 0 87 86 816 1134
618 3 0 655 83 82 1247
619 3 0 656 146 145 1248
620 3 0 651 1266 107 106
621 3 0 652 1267 170 169
622 3 0 643 185 184 328
623 3 0 644 122 121 1282
624 3 0 993 735 947 336
625 3 0 992 736 948 337
626 3 0 991 338 949 737
627 3 0 990 339 950 738
628 3 0 989 739 951 340
629 3 0 988 740 952 341
630 3 0 985 342 953 741
631 3 0 984 343 954 742
632 3 0 983 743 955 344
633 3 0 982 744 956 345
634 3 0 981 346 957 745
635 3 0 980 347 958 746
636 3 0 976 747 960 348
637 3 0 977 748 959 349
638 3 0 974 350 961 750
639 3 0 975 351 962 749
640 3 0 569 635 1141 330
641 3 0 570 636 1140 331
642 3 0 569 332 1151 635
643 3 0 570 333 1152 636
644 3 0 609 336 947 765
645 3 0 610 337 948 766
646 3 0 829 189 188 943
647 3 0 548 944 126 125
648 3 0 611 767 949 338
649 3 0 612 768 950 339
650 3 0 880 443 1027 877
651 3 0 442 1185 464 878
652 3 0 15 16 1309 767
653 3 0 47 48 1310 768
654 3 0 613 340 951 769
655 3 0 614 341 952 770
656 3 0 11 12 1313 771
657 3 0 43 44 1314 772
658 3 0 35 36 1322 777
659 3 0 3 4 1321 778
660 3 0 7 8 1317 775
661 3 0 39 40 1318 776
662 3 0 615 771 953 342
663 3 0 616 772 954 343
664 3 0 947 479 1309 765
665 3 0 948 480 1310 766
666 3 0 949 767 1309 479
667 3 0 950 768 1310 480
668 3 0 951 481 1311 769
669 3 0 952 482 1312 770
670 3 0 953 771 1313 483
671 3 0 954 772 1314 484
672 3 0 955 485 1315 773
673 3 0 956 486 1316 774
674 3 0 957 775 1317 487
675 3 0 958 776 1318 488
676 3 0 617 344 955 773
677 3 0 618 345 956 774
678 3 0 1319 779 959 489
679 3 0 1320 780 960 490
680 3 0 619 775 957 346
681 3 0 620 776 958 347
682 3 0 1322 494 961 777
683 3 0 1321 493 962 778
684 3 0 282 1161 521 1032
685 3 0 283 1160 522 1033
686 3 0 285 1028 515 1138
687 3 0 284 1029 516 1137
688 3 0 621 348 960 780
689 3 0 622 349 959 779
690 3 0 623 778 962 351
691 3 0 624 777 961 350
692 3 0 1148 218 1249 647
693 3 0 504 219 1250 648
694 3 0 854 998 807 477
695 3 0 558 190 1099 667
696 3 0 557 191 1100 668
697 3 0 440 872 463 1022
698 3 0 441 871 462 1021
699 3 0 566 671 1097 192
700 3 0 565 672 1098 193
701 3 0 321 652 169 1263
702 3 0 564 194 1101 675
703 3 0 563 195 1102 676
704 3 0 1150 649 1221 208
705 3 0 1149 650 1222 209
706 3 0 1215 290 1274 667
707 3 0 1216 291 1275 668
708 3 0 1127 669 1272 286
709 3 0 1128 670 1273 287
710 3 0 562 679 1105 196
711 3 0 561 680 1106 197
712 3 0 559 199 1108 684
713 3 0 1217 671 1280 294
714 3 0 1218 672 1281 295
715 3 0 1223 298 1283 675
716 3 0 1224 299 1284 676
717 3 0 1129 288 1276 673
718 3 0 1130 289 1277 674
719 3 0 1154 659 1246 216
720 3 0 1153 660 1245 217
721 3 0 1116 677 1278 292
722 3 0 1115 678 1279 293
723 3 0 947 735 1057 254
724 3 0 948 736 1058 255
725 3 0 555 689 1109 201
726 3 0 556 690 1110 200
727 3 0 1225 679 1289 302
728 3 0 1226 680 1290 303
729 3 0 949 254 1061 737
730 3 0 950 255 1062 738
731 3 0 1118 296 1285 681
732 3 0 1117 297 1286 682
733 3 0 1229 306 1291 683
734 3 0 1230 307 1292 684
735 3 0 554 203 1112 694
736 3 0 1120 685 1287 300
737 3 0 1119 686 1288 301
738 3 0 500 214 1241 663
739 3 0 501 215 1242 664
740 3 0 1235 689 1297 310
741 3 0 1236 690 1298 311
742 3 0 1124 304 1293 687
743 3 0 1123 305 1294 688
744 3 0 551 697 1113 204
745 3 0 552 698 1114 205
746 3 0 1237 314 1299 693
747 3 0 1126 691 1295 308
748 3 0 1125 692 1296 309
749 3 0 1205 697 1302 316
750 3 0 1121 312 1300 695
751 3 0 1122 313 1301 696
752 3 0 566 673 1276 396
753 3 0 565 674 1277 397
754 3 0 643 328 1148 647
755 3 0 827 504 648 329
756 3 0 491 210 1231 661
757 3 0 1157 211 1232 662
758 3 0 993 398 1057 735
759 3 0 992 399 1058 736
760 3 0 645 649 1150 318
761 3 0 646 650 1149 319
762 3 0 564 400 1278 677
763 3 0 563 401 1279 678
764 3 0 1156 665 1239 212
765 3 0 1155 666 1240 213
766 3 0 991 737 1061 402
767 3 0 990 738 1062 403
768 3 0 322 1255 83 655
769 3 0 951 739 1065 256
770 3 0 952 740 1066 257
771 3 0 562 681 1285 404
772 3 0 561 682 1286 405
773 3 0 560 406 1287 685
774 3 0 559 407 1288 686
775 3 0 953 258 1069 741
776 3 0 954 259 1070 742
777 3 0 556 687 1293 412
778 3 0 555 688 1294 413
779 3 0 989 408 1065 739
780 3 0 988 409 1066 740
781 3 0 1165 928 1081 266
782 3 0 1164 927 1082 267
783 3 0 281 527 803 1031
784 3 0 955 743 1075 260
785 3 0 956 744 1076 261
786 3 0 985 741 1069 410
787 3 0 984 742 1070 411
788 3 0 863 326 659 1154
789 3 0 864 327 660 1153
790 3 0 1162 268 1085 925
791 3 0 1163 269 1086 926
792 3 0 1166 923 1089 268
793 3 0 1167 924 1090 269
794 3 0 957 262 1079 745
795 3 0 958 263 1080 746
796 3 0 652 321 1157 662
797 3 0 861 500 663 324
798 3 0 862 501 664 325
799 3 0 655 665 1156 322
800 3 0 959 748 1084 264
801 3 0 960 747 1083 265
802 3 0 571 101 100 1094
803 3 0 572 164 163 1093
804 3 0 962 266 1087 749
805 3 0 961 267 1088 750
806 3 0 1131 177 1265 658
807 3 0 983 416 1075 743
808 3 0 982 417 1076 744
809 3 0 981 745 1079 418
810 3 0 980 746 1080 419
811 3 0 943 432 964 829
812 3 0 433 965 461 830
813 3 0 976 424 1083 747
814 3 0 977 425 1084 748
815 3 0 975 749 1087 426
816 3 0 974 750 1088 427
817 3 0 568 467 97 96
818 3 0 567 1042 160 159
819 3 0 511 1036 272 1045
820 3 0 512 1037 273 1046
821 3 0 206 946 523 1158
822 3 0 207 945 524 1159
823 3 0 510 1043 271 1041
824 3 0 509 1044 270 1040
825 3 0 132 131 1091 719
826 3 0 69 68 1092 720
827 3 0 211 1157 858 492
828 3 0 212 499 859 1156
829 3 0 661 320 857 491
830 3 0 475 858 1157 321
831 3 0 472 322 1156 859
832 3 0 666 1155 860 323
833 3 0 208 497 853 1150
834 3 0 209 498 854 1149
835 3 0 476 318 1150 853
836 3 0 477 319 1149 854
837 3 0 167 166 813 1304
838 3 0 104 103 814 1303
839 3 0 334 1212 523 946
840 3 0 335 1207 524 945
841 3 0 206 1210 526 946
842 3 0 207 1211 525 945
843 3 0 593 290 1215 721
844 3 0 594 291 1216 722
845 3 0 597 723 1217 294
846 3 0 598 724 1218 295
847 3 0 607 715 1205 316
848 3 0 459 1206 317 716
849 3 0 599 298 1223 725
850 3 0 600 299 1224 726
851 3 0 183 718 328 184
852 3 0 120 717 1282 121
853 3 0 171 874 1214 529
854 3 0 1103 781 1034 372
855 3 0 644 373 782 1035
856 3 0 601 727 1225 302
857 3 0 602 728 1226 303
858 3 0 603 306 1229 729
859 3 0 604 307 1230 730
860 3 0 605 731 1235 310
861 3 0 606 732 1236 311
862 3 0 148 1271 815 149
863 3 0 85 1270 816 86
864 3 0 607 314 1237 733
865 3 0 457 734 315 1238
866 3 0 81 532 1181 865
867 3 0 128 752 1139 129
868 3 0 65 751 332 66
869 3 0 651 370 873 1266
870 3 0 656 1248 866 375
871 3 0 187 186 1034 781
872 3 0 124 123 1035 782
873 3 0 476 1202 428 808
874 3 0 1050 807 998 429
875 3 0 471 819 437 1000
876 3 0 653 1096 812 378
877 3 0 654 1095 811 379
878 3 0 472 1001 434 816
879 3 0 1051 430 1003 814
880 3 0 475 813 431 1004
881 3 0 604 754 1125 309
882 3 0 603 753 1126 308
883 3 0 605 312 1121 755
884 3 0 606 313 1122 756
885 3 0 602 305 1123 758
886 3 0 601 304 1124 757
887 3 0 657 376 825 1132
888 3 0 658 377 826 1131
889 3 0 109 530 1025 836
890 3 0 600 760 1119 301
891 3 0 599 759 1120 300
892 3 0 598 297 1117 762
893 3 0 597 296 1118 761
894 3 0 964 460 1227 829
895 3 0 752 1228 830 461
896 3 0 189 829 1227 1
897 3 0 126 830 1228 127
898 3 0 528 804 434 1030
899 3 0 93 92 823 1261
900 3 0 156 155 824 1260
901 3 0 594 764 1115 293
902 3 0 593 763 1116 292
903 3 0 73 811 1095 74
904 3 0 136 812 1096 137
905 3 0 876 870 1207 335
906 3 0 1042 466 1207 870
907 3 0 334 869 467 1212
908 3 0 654 1308 76 75
909 3 0 653 1307 139 138
910 3 0 198 1107 1229 683
911 3 0 116 115 1132 825
912 3 0 177 1131 826 178
913 3 0 1030 434 1142 1268
914 3 0 1031 435 1143 1269
915 3 0 651 106 105 1262
916 3 0 202 1111 1237 693
917 3 0 151 150 1133 803
918 3 0 88 87 1134 804
919 3 0 1039 1306 1186 443
920 3 0 1038 1305 1185 442
921 3 0 657 114 113 1264
922 3 0 175 174 819 1234
923 3 0 112 111 820 1233
924 3 0 187 781 1103 547
925 3 0 373 1104 548 782
926 3 0 529 1026 437 835
927 3 0 442 879 545 1038
928 3 0 443 880 546 1039
929 3 0 656 1256 147 146
930 3 0 143 855 1024 531
931 3 0 532 856 438 1023
932 3 0 335 1251 1093 876
933 3 0 334 1252 478 875
934 3 0 751 65 1 1227
935 3 0 752 128 127 1228
936 3 0 172 835 1199 173
937 3 0 109 836 1200 110
938 3 0 720 1243 70 69
939 3 0 719 1244 133 132
940 3 0 143 142 1219 855
941 3 0 80 79 1220 856
942 3 0 718 183 182 1254
943 3 0 717 120 119 1253
944 3 0 427 897 237 974
945 3 0 426 898 234 975
946 3 0 424 976 235 899
947 3 0 425 977 236 900
948 3 0 419 901 233 980
949 3 0 418 902 232 981
950 3 0 417 982 231 903
951 3 0 416 983 230 904
952 3 0 411 907 229 984
953 3 0 410 908 228 985
954 3 0 409 988 227 909
955 3 0 408 989 226 910
956 3 0 623 366 1166 851
957 3 0 624 367 1167 852
958 3 0 621 849 1162 364
959 3 0 622 850 1163 365
960 3 0 403 911 225 990
961 3 0 402 912 224 991
962 3 0 619 362 1165 848
963 3 0 620 363 1164 847
964 3 0 617 845 1169 360
965 3 0 618 846 1168 361
966 3 0 609 839 1177 352
967 3 0 610 840 1176 353
968 3 0 615 358 1171 844
969 3 0 616 359 1170 843
970 3 0 613 842 1173 356
971 3 0 614 841 1172 357
972 3 0 399 992 223 905
973 3 0 398 993 222 906
974 3 0 140 1209 817 141
975 3 0 77 1208 818 78
976 3 0 612 355 1174 838
977 3 0 611 354 1175 837
978 3 0 765 1309 16 17
979 3 0 766 1310 48 49
980 3 0 770 1312 52 53
981 3 0 769 1311 20 21
982 3 0 838 1314 44 45
983 3 0 837 1313 12 13
984 3 0 773 1315 24 25
985 3 0 774 1316 56 57
986 3 0 844 1317 8 9
987 3 0 843 1318 40 41
988 3 0 780 1320 60 61
989 3 0 779 1319 28 29
990 3 0 847 1322 36 37
991 3 0 848 1321 4 5
992 3 0 851 1323 64 0
993 3 0 852 1324 32 33
994 3 0 372 919 272 1103
995 3 0 272 919 1249 535
996 3 0 273 1104 1250 536
997 3 0 270 533 1245 942
998 3 0 753 1246 941 534
999 3 0 274 940 1241 537
1000 3 0 275 939 1242 538
1001 3 0 1013 1144 996 246
1002 3 0 1026 1259 1147 437
1003 3 0 1025 1258 1146 436
1004 3 0 276 540 1240 1182
1005 3 0 277 539 1239 922
1006 3 0 278 921 1232 542
1007 3 0 279 920 1231 541
1008 3 0 1031 803 1133 435
1009 3 0 764 1222 918 544
1010 3 0 280 543 1221 917
1011 3 0 591 1158 523 805
1012 3 0 592 1159 524 806
1013 3 0 1024 439 1145 1257
1014 3 0 1023 438 1144 513
1015 3 0 589 833 526 1210
1016 3 0 590 834 525 1211
1017 3 0 530 873 370 920
1018 3 0 1267 371 1214 874
1019 3 0 720 462 871 1243
1020 3 0 719 463 872 1244
1021 3 0 71 70 1243 871
1022 3 0 134 133 1244 872
1023 3 0 804 1134 816 434
1024 3 0 1002 435 1133 815
1025 3 0 1247 865 1181 374
1026 3 0 531 1182 375 866
1027 3 0 379 811 550 1135
1028 3 0 378 812 549 1136
1029 3 0 285 1138 394 805
1030 3 0 284 1137 395 806
1031 3 0 999 820 1200 436
1032 3 0 997 439 1219 817
1033 3 0 1027 465 1254 877
1034 3 0 717 1253 878 464
1035 3 0 181 877 1254 182
1036 3 0 118 878 1253 119
1037 3 0 376 940 545 825
1038 3 0 377 939 546 826
1039 3 0 104 821 1262 105
1040 3 0 169 168 822 1263
1041 3 0 83 1255 809 84
1042 3 0 148 147 1256 810
1043 3 0 819 1199 835 437
1044 3 0 1025 436 1200 836
1045 3 0 140 139 1307 800
1046 3 0 77 76 1308 799
1047 3 0 112 801 1264 113
1048 3 0 177 176 802 1265
1049 3 0 997 817 1209 469
1050 3 0 996 818 1208 468
1051 3 0 1024 855 1219 439
1052 3 0 818 438 856 1220
1053 3 0 802 1234 819 471
1054 3 0 999 470 1233 820
1055 3 0 283 834 393 1160
1056 3 0 282 833 392 1161
1057 3 0 271 941 379 1135
1058 3 0 270 942 378 1136
1059 3 0 1002 815 1271 473
1060 3 0 809 472 816 1270
1061 3 0 822 1304 813 475
1062 3 0 1003 474 1303 814
1063 3 0 808 1261 823 476
1064 3 0 807 1260 824 477
1065 3 0 699 396 1276 882
1066 3 0 700 397 1277 881
1067 3 0 701 884 1278 400
1068 3 0 702 883 1279 401
1069 3 0 669 398 906 1272
1070 3 0 670 399 905 1273
1071 3 0 703 404 1285 886
1072 3 0 704 405 1286 885
1073 3 0 667 1274 912 402
1074 3 0 668 1275 911 403
1075 3 0 705 888 1287 406
1076 3 0 706 887 1288 407
1077 3 0 671 408 910 1280
1078 3 0 672 409 909 1281
1079 3 0 707 412 1293 890
1080 3 0 708 413 1294 889
1081 3 0 691 414 892 1295
1082 3 0 692 415 891 1296
1083 3 0 675 1283 908 410
1084 3 0 676 1284 907 411
1085 3 0 695 1300 893 420
1086 3 0 696 1301 894 421
1087 3 0 679 416 904 1289
1088 3 0 680 417 903 1290
1089 3 0 697 422 895 1302
1090 3 0 698 423 896 1206
1091 3 0 683 1291 902 418
1092 3 0 684 1292 901 419
1093 3 0 694 1238 897 427
1094 3 0 693 1299 898 426
1095 3 0 689 424 899 1297
1096 3 0 690 425 900 1298
1097 3 0 937 257 1066 1060
1098 3 0 938 256 1065 1059
1099 3 0 935 1064 1070 259
1100 3 0 936 1063 1069 258
1101 3 0 933 261 1076 1068
1102 3 0 934 260 1075 1067
1103 3 0 931 1074 1080 263
1104 3 0 932 1073 1079 262
1105 3 0 929 265 1083 1078
1106 3 0 930 264 1084 1077
1107 3 0 397 1060 1066 565
1108 3 0 396 1059 1065 566
1109 3 0 255 1058 557 1062
1110 3 0 254 1057 558 1061
1111 3 0 401 563 1070 1064
1112 3 0 400 564 1069 1063
1113 3 0 405 1068 1076 561
1114 3 0 404 1067 1075 562
1115 3 0 407 559 1080 1074
1116 3 0 406 560 1079 1073
1117 3 0 413 1078 1083 555
1118 3 0 412 1077 1084 556
1119 3 0 266 1081 553 1087
1120 3 0 267 1082 554 1088
1121 3 0 268 1089 551 1085
1122 3 0 269 1090 552 1086
1123 3 0 432 1178 252 964
1124 3 0 698 1206 459 1114
1125 3 0 697 1205 458 1113
1126 3 0 81 865 1247 82
1127 3 0 144 866 1248 145
1128 3 0 692 1125 381 963
1129 3 0 695 966 382 1121
1130 3 0 696 967 383 1122
1131 3 0 687 969 384 1124
1132 3 0 688 968 385 1123
1133 3 0 631 970 1120 386
1134 3 0 686 1119 387 971
1135 3 0 681 972 388 1118
1136 3 0 682 973 389 1117
1137 3 0 677 1116 390 978
1138 3 0 678 1115 391 979
1139 3 0 673 986 392 1129
1140 3 0 674 987 393 1130
1141 3 0 430 1204 238 1003
1142 3 0 108 107 1266 873
1143 3 0 171 170 1267 874
1144 3 0 429 998 241 1203
1145 3 0 669 1127 394 994
1146 3 0 670 1128 395 995
1147 3 0 711 364 1162 925
1148 3 0 712 365 1163 926
1149 3 0 713 923 1166 366
1150 3 0 714 924 1167 367
1151 3 0 710 927 1164 363
1152 3 0 709 928 1165 362
1153 3 0 265 929 361 1168
1154 3 0 264 930 360 1169
1155 3 0 263 1170 359 931
1156 3 0 262 1171 358 932
1157 3 0 261 933 357 1172
1158 3 0 260 934 356 1173
1159 3 0 259 1174 355 935
1160 3 0 258 1175 354 936
1161 3 0 257 937 353 1176
1162 3 0 256 938 352 1177
1163 3 0 277 922 374 1181
1164 3 0 440 1136 549 915
1165 3 0 441 1135 550 916
1166 3 0 278 1214 371 921
1167 3 0 818 996 1144 438
1168 3 0 247 1145 439 997
1169 3 0 244 999 436 1146
1170 3 0 245 1000 437 1147
1171 3 0 242 1142 434 1001
1172 3 0 243 1143 435 1002
1173 3 0 238 1005 444 1179
1174 3 0 239 1006 445 1180
1175 3 0 240 1184 446 1007
1176 3 0 241 1183 447 1008
1177 3 0 242 1187 448 1009
1178 3 0 243 1188 449 1010
1179 3 0 244 1011 450 1190
1180 3 0 245 1012 451 1189
1181 3 0 246 1192 452 1013
1182 3 0 247 1191 453 1014
1183 3 0 249 1015 455 1193
1184 3 0 248 1016 454 1194
1185 3 0 251 1195 457 1017
1186 3 0 250 1196 456 1018
1187 3 0 252 1019 458 1197
1188 3 0 253 1020 459 1198
1189 3 0 248 1027 443 1186
1190 3 0 432 1036 511 1178
1191 3 0 433 1037 512 965
1192 3 0 428 1202 515 1028
1193 3 0 429 1203 516 1029
1194 3 0 270 1136 440 1040
1195 3 0 271 1135 441 1041
1196 3 0 430 1032 521 1204
1197 3 0 431 1033 522 1004
1198 3 0 1053 277 1023 513
1199 3 0 1054 276 1024 1257
1200 3 0 1055 1258 1025 279
1201 3 0 1056 1259 1026 278
1202 3 0 440 1022 509 1040
1203 3 0 441 1021 510 1041
1204 3 0 524 1207 466 1213
1205 3 0 1071 280 1030 1268
1206 3 0 1072 281 1031 1269
1207 3 0 671 1217 444 1097
1208 3 0 672 1218 445 1098
1209 3 0 667 1099 446 1215
1210 3 0 668 1100 447 1216
1211 3 0 675 1101 448 1223
1212 3 0 676 1102 449 1224
1213 3 0 679 1225 450 1105
1214 3 0 680 1226 451 1106
1215 3 0 729 1229 1107 452
1216 3 0 684 1108 453 1230
1217 3 0 689 1235 454 1109
1218 3 0 690 1236 455 1110
1219 3 0 733 1237 1111 456
1220 3 0 694 1112 457 1238
1221 3 0 1047 1305 1038 274
1222 3 0 1048 1306 1039 275
1223 3 0 1054 1257 1145 514
1224 3 0 1055 517 1146 1258
1225 3 0 1056 518 1147 1259
1226 3 0 526 1201 478 1252
1227 3 0 1071 1268 1142 519
1228 3 0 1072 1269 1143 520
