0 2.0000 0.0000
1 3.0000 0.0000
2 1.9975 0.0997
3 1.9901 0.1991
4 1.9777 0.2981
5 1.9603 0.3963
6 1.9382 0.4935
7 1.9111 0.5895
8 1.8794 0.6840
9 1.8430 0.7769
10 1.8019 0.8678
11 1.7564 0.9565
12 1.7066 1.0429
13 1.6525 1.1266
14 1.5943 1.2076
15 1.5321 1.2856
16 1.4661 1.3603
17 1.3965 1.4317
18 1.3234 1.4996
19 1.2470 1.5637
20 1.1675 1.6239
21 1.0851 1.6801
22 1.0000 1.7321
23 0.9124 1.7797
24 0.8226 1.8230
25 0.7307 1.8617
26 0.6370 1.8959
27 0.5417 1.9252
28 0.4450 1.9499
29 0.3473 1.9696
30 0.2487 1.9845
31 0.1495 1.9944
32 0.0499 1.9994
33 -0.0499 1.9994
34 -0.1495 1.9944
35 -0.2487 1.9845
36 -0.3473 1.9696
37 -0.4450 1.9499
38 -0.5417 1.9252
39 -0.6370 1.8959
40 -0.7307 1.8617
41 -0.8226 1.8230
42 -0.9124 1.7797
43 -1.0000 1.7321
44 -1.0851 1.6801
45 -1.1675 1.6239
46 -1.2470 1.5637
47 -1.3234 1.4996
48 -1.3965 1.4317
49 -1.4661 1.3603
50 -1.5321 1.2856
51 -1.5943 1.2076
52 -1.6525 1.1266
53 -1.7066 1.0429
54 -1.7564 0.9565
55 -1.8019 0.8678
56 -1.8430 0.7769
57 -1.8794 0.6840
58 -1.9111 0.5895
59 -1.9382 0.4935
60 -1.9603 0.3963
61 -1.9777 0.2981
62 -1.9901 0.1991
63 -1.9975 0.0997
64 -2.0000 0.0000
65 -1.9975 -0.0997
66 -1.9901 -0.1991
67 -1.9777 -0.2981
68 -1.9603 -0.3963
69 -1.9382 -0.4935
70 -1.9111 -0.5895
71 -1.8794 -0.6840
72 -1.8430 -0.7769
73 -1.8019 -0.8678
74 -1.7564 -0.9565
75 -1.7066 -1.0429
76 -1.6525 -1.1266
77 -1.5943 -1.2076
78 -1.5321 -1.2856
79 -1.4661 -1.3603
80 -1.3965 -1.4317
81 -1.3234 -1.4996
82 -1.2470 -1.5637
83 -1.1675 -1.6239
84 -1.0851 -1.6801
85 -1.0000 -1.7321
86 -0.9124 -1.7797
87 -0.8226 -1.8230
88 -0.7307 -1.8617
89 -0.6370 -1.8959
90 -0.5417 -1.9252
91 -0.4450 -1.9499
92 -0.3473 -1.9696
93 -0.2487 -1.9845
94 -0.1495 -1.9944
95 -0.0499 -1.9994
96 0.0499 -1.9994
97 0.1495 -1.9944
98 0.2487 -1.9845
99 0.3473 -1.9696
100 0.4450 -1.9499
101 0.5417 -1.9252
102 0.6370 -1.8959
103 0.7307 -1.8617
104 0.8226 -1.8230
105 0.9124 -1.7797
106 1.0000 -1.7321
107 1.0851 -1.6801
108 1.1675 -1.6239
109 1.2470 -1.5637
110 1.3234 -1.4996
111 1.3965 -1.4317
112 1.4661 -1.3603
113 1.5321 -1.2856
114 1.5943 -1.2076
115 1.6525 -1.1266
116 1.7066 -1.0429
117 1.7564 -0.9565
118 1.8019 -0.8678
119 1.8430 -0.7769
120 1.8794 -0.6840
121 1.9111 -0.5895
122 1.9382 -0.4935
123 1.9603 -0.3963
124 1.9777 -0.2981
125 1.9901 -0.1991
126 1.9975 -0.0997
127 2.9983 0.0997
128 2.9934 0.1993
129 2.9851 0.2987
130 2.9735 0.3978
131 2.9587 0.4964
132 2.9405 0.5944
133 2.9191 0.6918
134 2.8945 0.7885
135 2.8667 0.8843
136 2.8357 0.9791
137 2.8016 1.0728
138 2.7644 1.1653
139 2.7242 1.2565
140 2.6809 1.3464
141 2.6347 1.4348
142 2.5855 1.5215
143 2.5335 1.6066
144 2.4787 1.6900
145 2.4212 1.7714
146 2.3610 1.8509
147 2.2981 1.9284
148 2.2328 2.0037
149 2.1649 2.0768
150 2.0947 2.1476
151 2.0222 2.2160
152 1.9474 2.2820
153 1.8705 2.3455
154 1.7915 2.4064
155 1.7105 2.4646
156 1.6276 2.5201
157 1.5430 2.5728
158 1.4566 2.6226
159 1.3686 2.6696
160 1.2791 2.7136
161 1.1882 2.7546
162 1.0960 2.7926
163 1.0026 2.8275
164 0.9081 2.8593
165 0.8125 2.8879
166 0.7161 2.9133
167 0.6189 2.9355
168 0.5209 2.9544
169 0.4225 2.9701
170 0.3235 2.9825
171 0.2242 2.9916
172 0.1246 2.9974
173 0.0249 2.9999
174 -0.0748 2.9991
175 -0.1744 2.9949
176 -0.2739 2.9875
177 -0.3730 2.9767
178 -0.4718 2.9627
179 -0.5700 2.9454
180 -0.6676 2.9248
181 -0.7644 2.9010
182 -0.8604 2.8740
183 -0.9555 2.8438
184 -1.0495 2.8105
185 -1.1423 2.7740
186 -1.2339 2.7345
187 -1.3241 2.6920
188 -1.4128 2.6465
189 -1.5000 2.5981
190 -1.5855 2.5468
191 -1.6693 2.4927
192 -1.7512 2.4358
193 -1.8312 2.3763
194 -1.9092 2.3141
195 -1.9851 2.2493
196 -2.0587 2.1821
197 -2.1301 2.1125
198 -2.1992 2.0405
199 -2.2658 1.9663
200 -2.3299 1.8899
201 -2.3914 1.8114
202 -2.4503 1.7309
203 -2.5065 1.6485
204 -2.5599 1.5643
205 -2.6105 1.4784
206 -2.6581 1.3908
207 -2.7029 1.3017
208 -2.7447 1.2111
209 -2.7834 1.1192
210 -2.8191 1.0261
211 -2.8516 0.9318
212 -2.8810 0.8365
213 -2.9072 0.7403
214 -2.9302 0.6432
215 -2.9500 0.5455
216 -2.9665 0.4471
217 -2.9797 0.3483
218 -2.9896 0.2490
219 -2.9963 0.1495
220 -2.9996 0.0499
221 -2.9996 -0.0499
222 -2.9963 -0.1495
223 -2.9896 -0.2490
224 -2.9797 -0.3483
225 -2.9665 -0.4471
226 -2.9500 -0.5455
227 -2.9302 -0.6432
228 -2.9072 -0.7403
229 -2.8810 -0.8365
230 -2.8516 -0.9318
231 -2.8191 -1.0261
232 -2.7834 -1.1192
233 -2.7447 -1.2111
234 -2.7029 -1.3017
235 -2.6581 -1.3908
236 -2.6105 -1.4784
237 -2.5599 -1.5643
238 -2.5065 -1.6485
239 -2.4503 -1.7309
240 -2.3914 -1.8114
241 -2.3299 -1.8899
242 -2.2658 -1.9663
243 -2.1992 -2.0405
244 -2.1301 -2.1125
245 -2.0587 -2.1821
246 -1.9851 -2.2493
247 -1.9092 -2.3141
248 -1.8312 -2.3763
249 -1.7512 -2.4358
250 -1.6693 -2.4927
251 -1.5855 -2.5468
252 -1.5000 -2.5981
253 -1.4128 -2.6465
254 -1.3241 -2.6920
255 -1.2339 -2.7345
256 -1.1423 -2.7740
257 -1.0495 -2.8105
258 -0.9555 -2.8438
259 -0.8604 -2.8740
260 -0.7644 -2.9010
261 -0.6676 -2.9248
262 -0.5700 -2.9454
263 -0.4718 -2.9627
264 -0.3730 -2.9767
265 -0.2739 -2.9875
266 -0.1744 -2.9949
267 -0.0748 -2.9991
268 0.0249 -2.9999
269 0.1246 -2.9974
270 0.2242 -2.9916
271 0.3235 -2.9825
272 0.4225 -2.9701
273 0.5209 -2.9544
274 0.6189 -2.9355
275 0.7161 -2.9133
276 0.8125 -2.8879
277 0.9081 -2.8593
278 1.0026 -2.8275
279 1.0960 -2.7926
280 1.1882 -2.7546
281 1.2791 -2.7136
282 1.3686 -2.6696
283 1.4566 -2.6226
284 1.5430 -2.5728
285 1.6276 -2.5201
286 1.7105 -2.4646
287 1.7915 -2.4064
288 1.8705 -2.3455
289 1.9474 -2.2820
290 2.0222 -2.2160
291 2.0947 -2.1476
292 2.1649 -2.0768
293 2.2328 -2.0037
294 2.2981 -1.9284
295 2.3610 -1.8509
296 2.4212 -1.7714
297 2.4787 -1.6900
298 2.5335 -1.6066
299 2.5855 -1.5215
300 2.6347 -1.4348
301 2.6809 -1.3464
302 2.7242 -1.2565
303 2.7644 -1.1653
304 2.8016 -1.0728
305 2.8357 -0.9791
306 2.8667 -0.8843
307 2.8945 -0.7885
308 2.9191 -0.6918
309 2.9405 -0.5944
310 2.9587 -0.4964
311 2.9735 -0.3978
312 2.9851 -0.2987
313 2.9934 -0.1993
314 2.9983 -0.0997
315 2.4922 0.0544
316 -1.7900 1.7350
317 -2.4202 0.5562
318 -1.3055 2.1324
319 0.2544 2.4908
320 1.1950 2.1944
321 -2.1639 1.2494
322 -0.7176 2.3999
323 1.6996 1.8317
324 2.4074 0.6752
325 2.1639 1.2494
326 -2.5032 -0.0843
327 1.5156 -1.9868
328 2.0250 -1.4603
329 -2.2776 -1.0277
330 -1.3957 -2.0541
331 -0.7342 -2.3881
332 -1.8735 -1.6534
333 0.1246 -2.4956
334 2.4371 -0.5785
335 0.7436 -2.3880
336 -0.2497 2.4887
337 0.7367 2.3903
338 -2.4384 -0.5572
339 2.2801 -1.0282
340 1.1811 -2.2574
341 -0.3378 -2.5252
342 -2.4178 0.9564
343 2.0372 1.6157
344 -1.1324 -2.3435
345 1.8662 -1.8105
346 -2.1804 -1.4165
347 2.5948 0.3931
348 -1.6347 2.0531
349 1.5357 2.1484
350 -2.6298 0.2456
351 2.6320 -0.2591
352 -2.0989 1.5994
353 -1.0887 2.4127
354 2.4345 1.0180
355 0.4551 -2.6053
356 -1.7552 -1.9628
357 2.3090 0.3219
358 -1.4737 1.8065
359 1.3396 1.9054
360 -2.3170 0.2574
361 2.3212 -0.2051
362 -1.8482 1.4318
363 -0.9921 2.1073
364 2.1607 0.8688
365 -1.5125 -1.7559
366 0.3717 -2.2772
367 0.5267 2.6506
368 -0.5328 2.6361
369 -2.5469 -0.8566
370 2.5493 -0.8566
371 -0.0031 2.6920
372 1.0438 2.4727
373 -2.6633 -0.3324
374 2.3266 -1.3530
375 -2.1790 0.7530
376 1.7361 1.5197
377 1.5839 -1.6765
378 -1.0851 -2.0340
379 -1.9869 -1.1711
380 0.4568 2.2530
381 -0.0105 2.3056
382 0.8898 2.1288
383 -0.4660 2.2626
384 -2.2873 -0.2901
385 -2.1787 -0.7330
386 1.9918 -1.1521
387 2.1925 -0.7277
388 1.1899 -1.9637
389 -0.4554 -2.2592
390 -0.1259 -2.2986
391 0.9030 -2.1293
392 1.4558 -2.2795
393 -0.5883 -2.6399
394 -0.0689 -2.7166
395 0.9939 -2.5292
396 -2.0533 0.9960
397 1.8892 1.2802
398 -1.8153 -1.3831
399 -0.8664 -2.1051
400 1.7195 -1.4917
401 -2.4387 1.2260
402 2.2811 1.4989
403 -1.4065 -2.3409
404 2.1202 -1.7223
405 -2.1474 -1.6849
406 -2.6247 0.7584
407 1.9691 1.8938
408 1.7653 -2.0845
409 -2.4185 -1.2647
410 -0.9528 -2.5548
411 2.7352 -0.0181
412 2.6865 -0.5307
413 -2.0174 1.8472
414 -1.3541 2.3869
415 -0.8842 2.5892
416 2.6093 0.8290
417 0.2194 -2.7315
418 0.7323 -2.6375
419 1.3940 2.3606
420 -2.7368 0.0134
421 -1.6263 -2.2065
422 -1.9925 -1.8773
423 -2.3248 1.4454
424 2.4141 1.2906
425 -2.6950 0.5138
426 1.7928 2.0703
427 -0.7040 2.1186
428 0.6117 -2.1471
429 2.1868 -0.4496
430 2.1783 0.5692
431 -1.2096 1.8988
432 1.4853 1.6672
433 -2.2326 -0.0082
434 0.2697 2.7488
435 2.2342 0.0579
436 -1.6039 1.5589
437 -2.1918 0.4952
438 -1.2726 -1.8577
439 -0.2757 2.7409
440 0.8106 2.6327
441 -2.6853 -0.6143
442 2.5126 -1.1297
443 1.0892 1.9668
444 0.1283 -2.2446
445 -1.6139 -1.5340
446 1.9690 1.0383
447 -1.8853 1.1842
448 -2.0398 -0.9266
449 1.3573 -1.7823
450 0.2225 2.2237
451 -2.1755 -0.5016
452 2.0428 -0.9086
453 -0.2407 2.2250
454 0.6495 2.1379
455 2.7591 0.2065
456 2.6938 0.6208
457 -1.8821 2.0280
458 -1.5544 2.2882
459 -2.5563 -1.0834
460 1.3060 -2.4625
461 -0.3850 -2.7607
462 2.2987 -1.5649
463 1.8160 -1.2616
464 -0.6162 -2.1182
465 -2.2346 1.0418
466 2.0195 1.4144
467 1.8741 -1.6046
468 -0.9238 -2.2940
469 -1.9839 -1.4639
470 -2.7920 -0.1722
471 1.2423 2.4996
472 -0.7265 2.7062
473 2.7069 -0.7239
474 1.6601 -2.2401
475 -0.7938 -2.6728
476 -2.5825 1.0818
477 2.2281 1.6956
478 -1.2774 -2.4970
479 2.0414 -1.9098
480 -2.3169 -1.5720
481 1.3441 -2.1121
482 -0.5379 -2.4451
483 -0.0792 -2.5022
484 0.9303 -2.3242
485 -2.0211 1.4106
486 -0.9202 2.2958
487 2.2322 1.0450
488 0.5363 -2.4191
489 -1.7016 -1.7832
490 2.4524 -0.3540
491 2.4312 0.4737
492 -1.4600 2.0009
493 1.5342 1.9487
494 -2.4714 0.1413
495 -2.3717 0.7541
496 1.8320 1.6799
497 -1.2257 -2.1660
498 1.6724 -1.8539
499 -2.1925 -1.2111
500 1.0086 -1.9378
501 -0.2779 -2.1773
502 0.4419 2.4542
503 -0.5367 2.4216
504 -2.3435 -0.8403
505 2.3655 -0.7460
506 0.0560 2.4901
507 1.0084 2.2896
508 -2.4821 -0.2553
509 2.1385 -1.2931
510 2.4843 0.2557
511 -1.6472 1.8773
512 1.3715 2.0847
513 -2.4788 0.3439
514 2.4930 -0.1310
515 -1.9166 1.5996
516 -1.1223 2.2272
517 2.3376 0.8693
518 -1.5826 -1.9378
519 0.3306 -2.4728
520 -1.0351 1.9298
521 2.0712 0.7100
522 1.5685 2.3440
523 -2.8182 0.1805
524 0.0775 -2.8268
525 0.8941 -2.6829
526 2.8231 -0.1989
527 -2.2046 1.7748
528 -1.0891 2.6143
529 2.6393 1.0219
530 0.4156 -2.7941
531 -0.1277 2.8228
532 0.9746 2.6445
533 -2.7775 -0.4782
534 2.4876 -1.3029
535 -1.8007 -2.1728
536 1.5600 1.5232
537 0.4327 2.7925
538 -2.0321 0.8169
539 1.7155 1.3415
540 1.5698 -1.5060
541 -0.9291 -1.9675
542 -1.8287 -1.2042
543 -0.5391 2.1133
544 2.0998 -0.5898
545 1.1549 -2.5844
546 -0.2014 -2.8235
547 0.7325 -2.0485
548 -2.1793 -0.1654
549 -0.3055 -2.3573
550 1.0933 -2.1106
551 2.8172 0.4245
552 -1.7765 2.2274
553 -2.6691 0.9314
554 2.1412 1.8458
555 1.9426 -2.0488
556 -1.1256 -2.5882
557 -2.4343 -1.4393
558 1.7342 2.2438
559 -2.8085 0.3795
560 2.1347 0.3943
561 -1.2967 1.7410
562 1.3172 1.7247
563 -2.1643 0.1545
564 2.7937 -0.3751
565 -1.2440 2.5461
566 0.5699 -2.7522
567 -0.8402 1.9994
568 0.4373 -2.1248
569 2.1517 -0.2784
570 -1.6709 1.4154
571 -1.3594 -1.7178
572 -2.3084 1.6376
573 2.5724 1.1804
574 0.6562 2.7668
575 -0.4565 2.7957
576 -2.7147 -0.8035
577 2.6494 -1.0025
578 2.1632 0.2084
579 -1.4440 1.6241
580 0.1006 2.8373
581 2.1707 -0.0999
582 -1.9395 -2.0630
583 1.9954 0.8741
584 -2.1462 0.3299
585 2.2431 0.7209
586 -1.1541 2.0543
587 1.6577 1.6688
588 0.8824 2.4847
589 -0.1521 2.6323
590 -2.5930 -0.4782
591 2.3592 -1.1700
592 0.3583 2.6200
593 -2.0711 0.6365
594 -1.0853 -1.8753
595 0.9214 1.9722
596 -0.0251 -2.1625
597 -1.7494 1.2694
598 1.1728 1.8089
599 -1.0544 -2.1975
600 -2.0455 -1.3253
601 1.7473 -1.6993
602 -2.2676 0.8937
603 1.9078 1.5169
604 -0.6216 2.2659
605 2.2731 -0.5946
606 0.7614 -2.2222
607 -2.3465 -0.1327
608 0.2710 -2.1383
609 1.1568 2.3613
610 -2.6252 -0.1701
611 -1.4642 -1.5899
612 2.5382 -0.6874
613 -0.6738 2.5418
614 -2.7572 0.6583
615 1.9479 2.0578
616 2.4291 -1.4736
617 -1.9054 -1.0296
618 0.0777 -2.6542
619 0.8348 -2.5207
620 1.4270 -1.6289
621 -2.4707 1.3825
622 -1.5639 -2.3558
623 2.4326 1.4484
624 -2.1478 -1.8447
625 -2.0348 -0.7632
626 1.1892 -1.8091
627 -2.6678 -0.9637
628 -2.4428 -0.7120
629 0.6046 2.4726
630 -0.4029 2.5126
631 2.3774 -0.9074
632 0.0724 2.1719
633 0.3593 2.1431
634 -0.3639 2.1325
635 -2.1337 -0.3400
636 2.0288 -0.7511
637 1.9061 -1.0173
638 -0.1047 2.4272
639 0.8466 2.2773
640 -2.4047 -0.4040
641 2.1613 -1.1300
642 0.7721 2.0226
643 -2.4311 -0.9796
644 -2.1207 -1.0642
645 1.5094 -1.8308
646 -2.2890 0.6244
647 -1.2532 -2.0146
648 1.9840 -1.3109
649 -0.6097 -2.2817
650 0.6163 2.2865
651 -0.3203 2.3463
652 -2.2883 -0.6095
653 2.1921 -0.8958
654 2.1879 -1.4427
655 0.1495 2.3589
656 0.3218 2.3501
657 -2.1947 -0.8849
658 1.3550 -1.9420
659 1.0585 2.1188
660 0.0322 -2.3684
661 -1.6493 -1.3898
662 -1.8919 1.0356
663 1.8437 1.1200
664 2.5404 0.5937
665 -1.4584 2.1631
666 0.1465 2.6211
667 -2.8232 -0.3270
668 1.1284 2.6085
669 1.5413 -2.1461
670 -0.7144 -2.5438
671 -2.0695 -0.6160
672 2.3435 0.1548
673 -1.6125 1.7080
674 -0.4289 -2.1109
675 1.4645 -2.4371
676 -0.5426 -2.7911
677 2.3564 -0.0547
678 -1.7646 1.5627
679 -2.3221 0.4107
680 -0.0786 2.1567
681 0.5037 2.0981
682 2.6491 0.0971
683 -1.8759 1.8730
684 -1.4222 -1.8808
685 2.2770 -1.7205
686 -0.2266 -2.6605
687 1.1229 -2.4225
688 -2.3088 1.3135
689 2.2920 1.3427
690 -1.4788 -2.2033
691 -2.0028 -1.7450
692 -2.0465 1.1496
693 2.0188 1.1975
694 -1.7782 -1.5323
695 -2.5821 0.6094
696 1.8206 1.9373
697 2.8472 0.0824
698 2.7450 0.7605
699 -2.0311 1.9970
700 -1.4949 2.4245
701 -2.5667 -1.2329
702 1.2336 2.0122
703 0.2377 -2.3481
704 -2.1816 1.3995
705 2.3028 1.1896
706 -1.8611 -1.8040
707 1.6740 -1.3414
708 -0.7400 -2.0118
709 -0.8736 2.4399
710 0.6533 -2.5115
711 2.5499 -0.4635
712 1.6799 1.9796
713 1.3119 -2.3024
714 -0.4454 -2.6122
715 -2.5978 0.0472
716 0.8589 -1.9642
717 -0.6066 2.7975
718 2.7260 -0.8734
719 -0.0869 -2.8539
720 1.0577 -2.6520
721 2.1303 -1.5680
722 1.8157 -2.2087
723 -0.9516 -2.6959
724 -2.4002 -1.1151
725 -0.6864 -2.7796
726 1.5957 -2.3772
727 -2.4120 1.0905
728 2.1504 1.5436
729 1.9798 -1.7378
730 -2.1481 -1.5468
731 -0.8665 2.7303
732 2.7978 -0.6147
733 1.8884 -1.4280
734 -0.7525 -2.2449
735 -2.5826 1.2391
736 2.3644 1.6170
737 -1.4297 -2.4831
738 2.1785 -1.8490
739 -2.2858 -1.7263
740 -0.8706 -2.4457
741 2.5998 -0.0370
742 -1.9310 1.7412
743 -1.2683 2.2691
744 2.4731 0.8007
745 0.2304 -2.5887
746 -1.6367 -2.0684
747 -1.0116 -2.4204
748 1.3306 2.2337
749 -2.6073 0.4025
750 2.6263 0.2473
751 -1.7570 1.9676
752 -1.2714 -2.3304
753 1.3871 2.5008
754 -2.8593 -0.0491
755 1.6476 -2.0061
756 -2.5017 0.8351
757 1.9741 1.7490
758 1.7795 -1.9467
759 -2.2866 -1.3143
760 2.2811 0.4556
761 -1.3623 1.8855
762 1.4447 1.8233
763 -2.3228 0.1233
764 2.2999 -0.3387
765 -0.8570 2.1568
766 0.5099 -2.2684
767 1.8104 -1.1177
768 -1.9129 1.3219
769 2.0961 0.9884
770 -1.6131 -1.6748
771 -2.7502 0.8116
772 2.0780 1.9759
773 1.0354 -2.2319
774 -0.2099 -2.4516
775 2.0517 0.5685
776 -1.1173 1.8122
777 -0.1492 -2.1290
778 0.7382 -2.7763
779 0.2582 -2.8592
780 2.8609 -0.0863
781 -2.1559 1.8827
782 2.7084 0.9257
783 -2.1236 0.8842
784 1.8243 1.3926
785 1.6847 -1.5806
786 -1.9061 -1.2874
787 -0.9617 -2.1004
788 -1.3946 2.5136
789 -1.7419 -2.2778
790 -0.4030 2.6571
791 0.6608 2.6050
792 2.5026 -0.9796
793 -2.5863 -0.7302
794 2.8142 0.5674
795 -1.6770 2.3301
796 -1.8989 2.1531
797 2.8565 0.2868
798 -2.0759 -1.9914
799 -2.4293 1.5406
800 2.5488 1.3336
801 1.4329 1.5738
802 1.1872 -2.1567
803 -0.3780 -2.4324
804 -2.8659 0.1025
805 1.5220 2.4269
806 1.6070 1.4142
807 -0.9999 2.6917
808 1.0691 -1.8432
809 -0.6525 2.0258
810 2.0807 -0.4478
811 0.5979 -2.0547
812 -2.8255 0.5051
813 1.8502 2.1944
814 -2.1279 -0.0273
815 0.3169 2.8576
816 2.6782 -0.1411
817 -2.0592 1.7182
818 -1.2169 2.3899
819 2.5176 0.9242
820 0.3448 -2.6611
821 -0.2543 2.8627
822 0.8874 2.7397
823 -2.8163 -0.6014
824 2.6046 -1.2230
825 1.4608 2.2490
826 0.6400 -2.3014
827 -0.7676 2.2630
828 2.3437 -0.4667
829 2.6851 -0.3919
830 0.5878 -2.6370
831 -0.9962 2.4963
832 0.1061 -2.0845
833 1.0001 1.8321
834 -2.6661 0.1397
835 -1.2908 2.0031
836 1.5774 1.7956
837 -2.3896 0.0066
838 2.3087 0.5904
839 -2.3190 -0.4732
840 2.1343 -1.0230
841 -0.1781 2.3640
842 0.7546 2.2477
843 1.6595 2.1480
844 -1.8675 -1.9684
845 -1.4238 2.2950
846 2.6006 0.7146
847 -2.2192 1.5555
848 2.4567 1.1442
849 -2.0357 0.4645
850 -1.1813 -1.7314
851 -1.7210 -1.2575
852 -1.9362 0.8910
853 1.7452 1.2161
854 0.5480 2.8154
855 -0.0202 2.8636
856 1.8732 0.9675
857 2.1173 0.0528
858 -1.5149 1.4770
859 0.9409 2.3803
860 -0.0629 2.5619
861 -2.5205 -0.3730
862 2.2323 -1.2221
863 -2.5177 -1.3793
864 -2.2992 1.1800
865 2.1715 1.4012
866 -2.0198 -1.6122
867 -0.2917 2.6083
868 0.7444 2.5168
869 -2.5518 -0.6138
870 2.4040 -1.0586
871 -1.7877 1.1396
872 -1.5278 -1.4700
873 -2.5561 0.9631
874 -1.1485 -2.4710
875 2.1122 1.7321
876 1.9287 -1.9338
877 -2.3147 -1.4504
878 -1.9006 -0.8571
879 1.2586 -1.6622
880 2.8352 -0.4882
881 -1.7557 -1.6405
882 2.1143 1.1418
883 -2.0460 1.2601
884 -0.9151 1.9000
885 -1.3511 -2.2113
886 2.6952 0.4924
887 -1.6408 2.1942
888 -2.4938 0.7021
889 1.8671 1.8116
890 1.2944 -2.5724
891 -0.3365 -2.8600
892 0.2083 2.0819
893 0.5398 2.3846
894 -0.4232 2.4150
895 -2.3347 -0.7244
896 2.3030 -0.8410
897 2.7252 0.3231
898 -1.7780 2.0905
899 -2.0292 -0.4652
900 1.9063 -0.8602
901 -0.2057 2.0713
902 0.6118 1.9895
903 2.4069 -1.5929
904 0.4220 -2.4242
905 -1.6284 -1.8535
906 -1.9424 1.4816
907 2.2555 0.9401
908 -1.0123 2.2234
909 2.4331 -0.2347
910 1.6589 -2.1199
911 -0.8327 -2.5676
912 2.4237 0.3557
913 -1.5348 1.9093
914 -2.4363 0.2506
915 1.4246 1.9926
916 -0.7999 2.5303
917 2.5917 -0.5722
918 1.9608 0.7677
919 -0.5114 -2.0421
920 1.9147 -2.1706
921 -1.0577 -2.6957
922 -2.6546 -0.0483
923 2.0137 -1.6144
924 1.2794 2.3903
925 -2.5402 0.5000
926 -1.5216 -2.0946
927 -2.6816 1.0456
928 2.2463 1.7995
929 -1.2411 -2.6094
930 2.0592 -2.0259
931 -2.4333 -1.5567
932 -2.6663 -1.1239
933 -0.3689 2.8597
934 0.7709 2.7784
935 -2.7916 -0.7216
936 2.6610 -1.1104
937 2.3841 0.0473
938 -1.7103 1.6641
939 -1.9963 0.7137
940 -0.9771 -1.8788
941 1.5736 -1.3824
942 -0.8104 -1.9311
943 0.2045 2.8775
944 2.5536 0.1634
945 -1.7608 1.8567
946 -0.0865 2.2433
947 -2.2772 -1.2127
948 2.5213 -1.4197
949 0.0340 -2.5434
950 0.8500 -2.4066
951 -2.8992 0.3048
952 1.7138 2.3586
953 -2.5480 -0.9681
954 0.7971 2.1005
955 2.8585 0.1958
956 2.7861 0.6564
957 -1.5973 2.3769
958 -1.9622 2.0878
959 1.9838 -1.0521
960 -2.2313 -0.3839
961 2.3036 -1.4681
962 -2.1230 1.0653
963 1.9841 1.3060
964 -1.8699 -1.4648
965 -0.1261 -2.6080
966 1.0105 -2.4076
967 -1.8166 -1.0946
968 1.2296 -2.3781
969 -0.3421 -2.6552
970 1.4695 -1.5260
971 2.5518 0.4858
972 -1.5402 2.0917
973 1.6096 2.0523
974 1.3973 -2.5272
975 -0.4487 -2.8527
976 2.8646 -0.2915
977 -1.1912 2.6280
978 0.5029 -2.8294
979 -1.7943 -1.8776
980 2.3568 1.1108
981 -2.1404 1.4856
982 -0.3227 -2.0752
983 0.5561 2.1926
984 -0.4491 2.0693
985 2.0166 -0.6457
986 2.0316 0.4698
987 -1.1697 1.7262
988 0.5573 -2.5540
989 2.5893 -0.3651
990 -2.1052 -0.2329
991 1.7077 -1.2271
992 0.8302 -2.7913
993 0.1749 -2.9066
994 -2.3021 1.7393
995 2.6573 1.1241
996 -2.1765 -0.6157
997 0.9899 -2.0538
998 -0.2251 -2.2809
999 -1.9116 -2.1570
1000 -2.3338 0.4969
1001 0.8651 -2.2285
1002 -0.5125 -2.1656
1003 -1.3708 -1.9609
1004 0.2521 2.5942
1005 1.7476 1.6268
1006 -0.9066 -2.1893
1007 1.7856 -1.5564
1008 1.4587 -2.0810
1009 -0.6755 -2.4720
1010 -0.3224 2.2411
1011 2.1014 -0.8420
1012 1.4500 -1.7405
1013 -2.0196 -1.0263
1014 1.1614 2.0870
1015 -2.7344 0.2979
1016 1.6214 2.2238
1017 -0.9719 2.4084
1018 -2.8815 -0.2348
1019 1.2374 2.6128
1020 0.1407 -2.3845
1021 0.3184 2.2406
1022 0.1352 2.2639
1023 -1.8342 -2.0586
1024 2.0659 0.8114
1025 2.7494 -0.2776
1026 -1.1465 2.5245
1027 0.4850 -2.7151
1028 2.0977 0.2981
1029 -1.3350 1.6453
1030 -2.5879 0.1742
1031 -2.2023 1.6550
1032 2.5344 1.0797
1033 2.1088 -0.1901
1034 -0.7863 2.7938
1035 2.8137 -0.7138
1036 2.2049 -1.6400
1037 -1.5241 -2.4574
1038 -2.2490 -1.8189
1039 -2.5648 1.3372
1040 2.4404 1.5525
1041 -1.1368 -2.1213
1042 -2.0792 -1.2184
1043 1.6511 -1.7539
1044 -2.2762 0.7818
1045 -1.1506 -2.2394
1046 -2.1515 -1.3234
1047 1.7696 -1.8008
1048 1.9425 1.6391
1049 -2.3888 0.8611
1050 1.6904 -2.3492
1051 -0.7850 -2.7857
1052 -2.1838 0.6028
1053 -1.1908 -1.9272
1054 -2.0997 -0.8482
1055 1.2983 -1.8572
1056 -0.9613 2.0030
1057 1.3401 1.5980
1058 -2.1047 0.2306
1059 -0.3527 -2.2527
1060 1.0898 -2.0089
1061 1.8097 -1.3611
1062 -0.7137 -2.1483
1063 1.7430 1.7381
1064 1.3741 -2.2150
1065 -0.5336 -2.5514
1066 0.1000 2.7180
1067 -1.6732 -2.3703
1068 -2.4864 1.1329
1069 2.2243 1.5868
1070 2.0549 -1.7950
1071 -2.2126 -1.6031
1072 1.8820 -1.1982
1073 1.0100 2.0367
1074 -2.3237 0.9767
1075 2.0081 1.5242
1076 -1.0355 -2.3171
1077 1.8464 -1.7113
1078 -2.0814 -1.4187
1079 -0.5439 2.3125
1080 2.2747 -0.6852
1081 0.0216 -2.2584
1082 -2.4849 -1.1750
1083 -2.3756 -0.2236
1084 -1.6530 1.2963
1085 1.9527 -1.5262
1086 -0.8224 -2.3250
1087 0.9045 -1.8851
1088 -0.5183 -2.3359
1089 -2.7009 -0.2445
1090 1.1346 2.4608
1091 -1.1280 1.9664
1092 2.1642 0.6741
1093 -2.4452 -0.1596
1094 -2.0844 0.0540
1095 2.3620 -0.6408
1096 -0.6261 2.3660
1097 -0.6301 2.6399
1098 2.6013 -0.7742
1099 1.2210 1.7274
1100 2.0539 -0.3600
1101 -0.7170 1.9589
1102 -1.3651 -1.5964
1103 0.5110 -2.0233
1104 0.3494 -2.0854
1105 0.3496 -2.8881
1106 1.2850 -2.0207
1107 0.3450 2.5098
1108 0.4592 2.5692
1109 -0.0748 -2.3929
1110 2.5229 0.3534
1111 -1.6091 1.9751
1112 1.4535 2.0830
1113 -2.5321 0.2801
1114 2.2491 0.8223
1115 -1.0892 2.1328
1116 2.4259 -1.3675
1117 -1.9502 -1.3835
1118 1.9324 1.4079
1119 -2.1857 0.9696
1120 1.2355 2.2962
1121 2.5300 -0.2141
1122 -1.9989 1.5635
1123 -1.0767 2.2981
1124 2.3525 0.9509
1125 -1.6642 -1.9268
1126 0.4065 -2.5093
1127 -2.7385 -0.8929
1128 -1.3222 -2.4030
1129 0.4358 2.6828
1130 1.2331 1.9079
1131 -1.3495 -2.5638
1132 -2.6575 1.1541
1133 2.3282 1.7244
1134 2.1449 -1.9476
1135 -2.3761 -1.6578
1136 1.0847 2.6818
1137 -2.8649 -0.4015
1138 0.2814 -2.2537
1139 -0.6331 -2.0016
1140 0.8156 1.9355
1141 -2.4283 0.4367
1142 -1.0428 -2.5044
1143 -2.2133 -1.1141
1144 1.5886 -1.9171
1145 -0.0971 2.7167
1146 0.9658 2.5411
1147 -2.6836 -0.4342
1148 2.4575 -1.2033
1149 2.4410 -0.0488
1150 -1.8217 1.6258
1151 -2.3994 0.6660
1152 -1.3060 -2.1204
1153 2.3391 0.7565
1154 -1.2002 2.1456
1155 1.5491 -2.2434
1156 -0.6884 -2.6379
1157 -1.4822 -1.9732
1158 1.1197 2.2656
1159 1.0523 2.3841
1160 -2.5912 -0.2797
1161 -2.7587 -0.0743
1162 1.2623 2.1107
1163 2.4831 -0.7795
1164 -0.5664 2.5402
1165 -0.8096 2.6398
1166 2.6911 -0.6188
1167 -1.9883 -0.6676
1168 0.2210 -2.4494
1169 2.4390 0.5785
1170 -1.3944 2.0830
1171 -2.2680 0.3326
1172 -1.9422 -1.5674
1173 2.1043 1.3419
1174 -2.2143 1.1515
1175 -2.4488 -0.8805
1176 2.2230 -1.3435
1177 2.4485 0.1546
1178 -1.6896 1.7791
1179 2.2785 0.2329
1180 -1.5118 1.7206
1181 -2.7062 0.4117
1182 0.1571 2.5195
1183 1.3958 -2.3612
1184 -0.5040 -2.6962
1185 0.8098 -2.3125
1186 2.2883 -0.1210
1187 2.0454 -1.2410
1188 2.0590 -1.3660
1189 -0.0002 2.0955
1190 0.4153 2.0539
1191 -1.7051 -2.1440
1192 1.0861 -2.3151
1193 -0.2288 -2.5469
1194 1.6273 1.8827
1195 -2.4869 0.0252
1196 1.5669 1.6221
1197 1.6492 1.5722
1198 0.0017 2.4068
1199 0.9364 2.2199
1200 -2.3367 -0.9449
1201 0.4300 2.3524
1202 -0.8157 2.3478
1203 0.6379 -2.3905
1204 2.4401 -0.4641
1205 2.5100 0.6968
1206 -1.3664 2.2183
1207 -2.2512 -0.7954
1208 -1.3546 -1.8124
1209 -1.6834 1.5061
1210 -1.4654 -1.6795
1211 -1.7706 1.3578
1212 -1.2670 -1.6649
1213 -0.2808 -2.7465
1214 1.2032 -2.4848
1215 1.5291 -1.6004
1216 -1.8983 -1.1372
1217 0.8178 -2.6118
1218 0.1258 -2.7366
1219 0.8889 2.5933
1220 -0.1808 2.7321
1221 -2.6903 -0.5268
1222 2.2689 -1.1246
1223 -2.4948 -0.4720
1224 -0.1486 2.5184
1225 0.8430 2.3704
1226 1.0057 -2.7267
1227 -0.0125 -2.9063
1228 -2.2549 -0.1020
1229 0.0367 2.5904
1230 2.1879 -0.5485
1231 -0.6189 2.1690
1232 0.7053 -2.1413
1233 -1.5703 1.3853
1234 -2.8399 0.6042
1235 1.9426 2.1541
1236 -1.0222 1.8275
1237 2.7410 0.0707
1238 -1.9612 1.9162
1239 -2.5852 0.8567
1240 2.0345 1.8104
1241 1.8349 -2.0044
1242 -2.3591 -1.3531
1243 1.9920 0.6439
1244 2.3706 -1.6987
1245 -2.0915 0.7338
1246 -1.0332 -1.9579
1247 2.2151 -0.1946
1248 -2.1951 -0.2480
1249 -0.5396 2.2095
1250 2.1833 -0.6375
1251 -1.3377 2.5861
1252 0.6582 -2.8337
1253 0.0308 -2.7302
1254 0.9049 -2.5756
1255 0.7974 -2.1354
1256 2.3957 -1.2723
1257 -1.2095 -2.4102
1258 0.3580 2.7181
1259 2.2037 0.3067
1260 -1.4068 1.7238
1261 -2.4141 1.6275
1262 2.6165 1.2770
1263 2.0851 0.1469
1264 -1.4285 1.5259
1265 -2.2113 0.2482
1266 0.5628 2.7269
1267 0.0229 2.7786
1268 2.0897 -0.0425
1269 0.3589 -2.1880
1270 -2.0554 0.3714
1271 -1.9541 1.1042
1272 1.9335 1.1396
1273 -1.6968 -1.4695
1274 -2.1603 -1.9542
1275 -2.5047 1.4874
1276 2.5405 1.4254
1277 2.2899 -0.9367
1278 -2.3902 -0.6384
1279 -0.3337 2.4515
1280 0.6422 2.3893
1281 -2.2249 -1.4923
1282 1.9480 -1.8346
1283 -2.4765 1.0219
1284 2.1232 1.6338
1285 1.2745 1.8161
1286 1.0809 1.7888
1287 -2.6546 0.6740
1288 1.9103 1.9619
1289 -2.1299 -0.9612
1290 2.1589 0.7708
1291 1.4124 -1.8622
1292 0.1974 -2.0806
1293 1.6900 1.4397
1294 -0.4571 2.1647
1295 2.1032 -0.6865
1296 -2.0417 -2.0775
1297 1.6220 2.4220
1298 -2.9085 0.1937
1299 -0.1672 -2.8980
1300 1.1482 -2.6660
1301 1.1857 -2.0593
1302 -0.4143 -2.3397
1303 -2.4028 1.3066
1304 2.3329 1.4276
1305 -1.4873 -2.2993
1306 -2.0962 -1.7568
1307 -2.1073 1.3411
1308 2.2150 1.1544
1309 -1.7998 -1.7320
1310 1.3244 2.5730
1311 -2.8914 -0.1395
1312 -0.1087 2.9214
1313 0.7358 -2.5413
1314 2.3813 0.2459
1315 -1.5783 1.8001
1316 -1.0583 2.0343
1317 0.4721 2.8856
1318 2.3897 -0.1363
1319 -1.8460 1.5269
1320 -0.5359 2.8538
1321 2.7394 -0.9628
1322 2.9170 -0.1538
1323 -2.2429 1.8715
1324 2.7422 1.0066
1325 0.7650 -1.9608
1326 1.8064 1.0428
1327 1.6093 1.3064
1328 -1.8502 1.2686
1329 -1.5622 -1.6100
1330 -2.7217 -1.0444
1331 2.2671 -1.8287
1332 2.0239 0.9685
1333 -2.3741 0.3315
1334 2.2016 0.4740
1335 -1.2915 1.8450
1336 1.4132 1.7481
1337 -2.2455 0.0974
1338 -0.7883 -2.4751
1339 -1.5243 -1.8507
1340 -2.6393 -0.8714
1341 1.4881 1.4682
1342 2.6462 -0.8893
1343 -0.5529 2.7363
1344 -1.7973 1.0498
1345 -1.8274 -2.2789
1346 -1.0885 2.6942
1347 -1.5541 -1.3850
1348 2.2201 -0.3518
1349 -0.8096 2.0934
1350 0.5138 -2.1873
1351 0.2310 2.3146
1352 0.3058 -2.7634
1353 0.0628 2.9255
1354 1.3320 -1.6073
1355 -1.8634 -0.9409
1356 -0.8392 -2.0228
1357 0.6408 2.8563
1358 1.6509 -1.4393
1359 1.8411 1.5850
1360 -2.2731 -0.1936
1361 -0.1693 -2.7363
1362 1.0950 -2.5133
1363 2.9100 0.0182
1364 -2.1208 1.9927
1365 2.7861 0.8403
1366 -2.8100 0.7590
1367 2.0623 2.0539
1368 0.4468 2.1634
1369 -0.0089 2.2072
1370 -2.0953 -0.6986
1371 0.8578 2.0362
1372 2.5869 -1.3187
1373 -0.6876 2.8159
1374 2.7826 -0.8122
1375 -0.0021 -2.4485
1376 1.3263 1.9953
1377 0.3285 -2.3728
1378 -2.0076 0.5594
1379 -1.0898 -1.7759
1380 0.9724 2.7385
1381 -2.8578 -0.5271
1382 0.9216 -2.4733
1383 -0.0184 -2.6379
1384 1.7954 -2.3042
1385 -0.8992 -2.7792
1386 1.1514 -1.8871
1387 2.6309 0.5524
1388 -1.5530 2.1945
1389 -2.7574 0.8988
1390 2.1571 1.9385
1391 -0.6154 -2.8428
1392 1.5506 -2.4609
1393 -0.0892 -2.2229
1394 1.8171 -1.0302
1395 2.5878 -0.1383
1396 -1.9905 1.6587
1397 -1.1704 2.3121
1398 2.4338 0.8941
1399 0.3339 -2.5710
1400 1.4726 2.3364
1401 -2.7588 0.1043
1402 -1.9270 0.7881
1403 -0.8903 -1.8760
1404 2.0045 -2.1246
1405 -2.5220 -1.4741
1406 -1.1569 -2.6820
1407 2.9074 0.4382
1408 -1.8332 2.2987
1409 2.7598 -0.1016
1410 -2.0921 1.8028
1411 2.6083 0.9158
1412 -0.2238 -2.0792
1413 1.4141 2.1740
1414 2.8825 -0.4164
1415 -0.9808 2.5849
1416 -0.1845 -2.3641
1417 0.9820 -2.1585
1418 -2.4653 -1.0672
1419 1.5694 -2.0564
1420 -0.5506 2.0201
1421 2.0248 -0.5332
1422 -2.0380 0.9204
1423 1.8151 1.2998
1424 -1.8149 -1.3062
1425 -2.0909 -0.1220
1426 1.7837 2.3146
1427 -2.8964 0.3874
1428 0.1130 2.0834
1429 0.3021 2.0644
1430 -1.7326 -1.1544
1431 1.4951 -1.4413
1432 0.1395 -2.5822
1433 -1.6365 -1.2965
1434 -1.8609 0.9465
1435 1.7527 1.1252
1436 2.2132 -1.5115
1437 -0.2947 2.0638
1438 -2.0502 -0.3779
1439 1.8585 -0.9437
1440 1.9347 -0.7767
1441 0.6707 -1.9810
1442 -1.9424 -0.7658
1443 1.9047 0.8674
1444 1.1760 -1.7173
1445 0.7106 1.9602
1446 0.9127 1.8812
1447 2.1778 0.1197
1448 -1.5172 1.5699
1449 0.0097 -2.0849
1450 1.4646 -2.1845
1451 -0.6318 -2.5566
1452 2.1832 -0.0099
1453 1.8960 -1.3163
1454 2.0404 0.3713
1455 -1.2432 1.6600
1456 -0.6233 -2.3898
1457 -2.1307 0.4376
1458 -0.6624 -2.2161
1459 1.5172 -2.3518
1460 -0.6214 -2.7289
1461 -0.4406 -2.5074
1462 1.2720 -2.2055
1463 -2.6494 -1.2205
1464 -0.8089 1.9108
1465 -0.2981 -2.4476
1466 1.1173 -2.1980
1467 0.6753 -2.7045
1468 -2.5972 -1.3168
1469 -2.5369 -0.1804
1470 1.1072 1.8871
1471 -1.3047 2.4595
1472 0.1784 -2.1806
1473 1.3809 -2.0449
1474 -0.3626 -2.1697
1475 -2.3357 1.5310
1476 2.4937 1.2573
1477 1.8985 -1.0946
1478 2.4488 -0.6731
1479 -0.6415 2.4573
1480 -0.9000 2.0835
1481 -1.0148 -2.6087
1482 -2.7492 -0.3633
1483 1.0598 2.5625
1484 -1.9860 -1.9647
1485 -2.6815 -0.7114
1486 0.7231 2.6800
1487 -0.3720 2.7495
1488 2.5673 -1.0523
1489 -0.0832 2.3446
1490 -2.0662 -1.9090
1491 -2.4034 1.4616
1492 2.4675 1.3506
1493 2.7445 -0.4593
1494 -1.2732 -1.7663
1495 -0.2576 -2.9003
1496 1.2341 -2.6373
1497 1.7686 2.1548
1498 2.1969 -1.7624
1499 0.1874 -2.8081
1500 0.7843 -2.7029
1501 2.4974 -1.5261
1502 -1.4019 -2.1524
1503 -1.4813 2.5097
1504 -2.3193 -1.1170
1505 -2.0007 -0.5613
1506 -2.4911 0.6246
1507 1.7955 1.8401
1508 -1.7093 1.1946
1509 0.8239 2.1900
1510 -1.0467 -2.1099
1511 -2.1987 0.8408
1512 1.8346 1.4772
1513 -1.9888 -1.2599
1514 1.6671 -1.6633
1515 -2.7582 0.5572
1516 1.8575 2.1077
1517 -2.3151 -0.3874
1518 2.0713 -1.1129
1519 2.6800 0.1761
1520 -1.8448 1.9520
1521 1.3564 -1.6959
1522 -1.9554 -0.9451
1523 0.9092 -2.0364
1524 -1.6059 1.4679
1525 1.8404 -2.1100
1526 -2.7977 -0.8091
1527 2.0563 -0.2627
1528 -1.4395 -1.5089
1529 0.1850 2.7819
1530 -2.1103 0.5369
1531 -1.1827 -1.8265
1532 2.2606 0.1414
1533 -1.5650 1.6439
1534 0.5220 2.4948
1535 -2.2134 1.3216
1536 2.2513 1.2560
1537 -1.9076 -1.7340
1538 -2.3681 -1.0393
1539 -2.4131 -0.3129
1540 -2.2737 1.3868
1541 2.3379 1.2756
1542 -1.9538 -1.8099
1543 -2.0674 0.1496
1544 2.1135 -1.4716
1545 0.1760 -2.6608
1546 -2.5778 -0.0970
1547 1.6538 1.7623
1548 0.7745 2.3190
1549 -0.1879 2.4386
1550 -2.3964 -0.4897
1551 2.2084 -1.0561
1552 2.5071 -0.6061
1553 -0.7287 2.4743
1554 -2.1308 -1.1466
1555 -2.9204 0.0122
1556 1.4707 2.5245
1557 1.5957 -1.8208
1558 -2.6334 -1.0435
1559 -1.7639 1.4668
1560 -1.2177 -2.0926
1561 -2.3160 0.7058
1562 -2.4929 1.2867
1563 2.3607 1.5156
1564 -1.4711 -2.3893
1565 -2.1885 -1.7551
1566 1.7632 1.9945
1567 2.2757 -0.0140
1568 1.9689 -1.3960
1569 2.3554 0.5198
1570 -1.3731 1.9831
1571 -0.6975 -2.3101
1572 1.2575 1.6482
1573 0.2236 2.4035
1574 0.7654 -2.4691
1575 -0.7280 2.6116
1576 2.6258 -0.6753
1577 1.8852 1.0616
1578 -2.7063 -0.1419
1579 -0.4531 2.8784
1580 2.7193 -1.0468
1581 -0.1055 2.0739
1582 0.5143 2.0119
1583 0.3661 2.4189
1584 2.7096 0.4086
1585 -1.7084 2.1426
1586 -1.9664 0.9947
1587 -1.7303 -1.3647
1588 1.8416 1.2047
1589 -1.8658 1.1062
1590 1.7461 -2.1690
1591 -0.8992 -2.6220
1592 0.9789 -1.8356
1593 1.7310 1.9110
1594 2.4062 -0.8299
1595 -0.4843 2.4988
1596 -1.7436 -2.0695
1597 -1.6436 -2.2797
1598 0.4163 -2.0301
1599 -0.6964 2.3128
1600 2.3511 -0.5532
1601 -1.6104 -1.4539
1602 -2.2369 0.4263
1603 -1.2479 2.0652
1604 2.3194 0.6651
1605 -2.4185 -0.7936
1606 0.1671 2.1644
1607 0.2691 2.1541
1608 -1.9882 1.2027
1609 2.0357 1.1205
1610 -1.7105 -1.5728
1611 1.8635 -1.5106
1612 -0.8380 -2.2467
1613 -1.9992 -0.8496
1614 2.3524 -0.9974
1615 -2.4766 -0.6267
1616 -0.3135 2.5355
1617 0.6956 2.4584
1618 1.2727 -1.7540
1619 1.1039 -1.7563
1620 -0.1912 -2.2030
1621 -1.4405 -1.7873
1622 0.8173 -2.0428
1623 2.5817 0.0381
1624 -1.8666 1.7840
1625 2.6633 0.0146
1626 -1.9424 1.8222
1627 -0.2650 2.1497
1628 -2.1369 -0.4380
1629 1.9946 -0.8476
1630 1.9646 -0.9446
1631 2.5558 0.7738
1632 -1.3500 2.3091
1633 2.0809 0.9071
1634 1.6920 -1.9368
1635 1.4920 -1.9137
1636 -2.1965 -1.0251
1637 -1.6027 -2.4404
1638 0.6926 2.0666
1639 -1.1117 -1.9562
1640 -2.1457 0.6779
1641 -2.4141 -0.0775
1642 2.8209 0.0021
1643 2.6962 0.8295
1644 -2.0665 1.9203
1645 1.3239 2.3208
1646 -2.7099 0.7419
1647 1.9973 1.9758
1648 1.7333 -1.1413
1649 0.5797 2.5715
1650 -0.4577 2.5931
1651 2.4745 -0.9001
1652 -2.5160 -0.7766
1653 2.2594 -0.2708
1654 1.0369 2.2000
1655 -2.1776 0.0497
1656 0.5295 2.2965
1657 -0.3999 2.3039
1658 -2.2535 -0.6894
1659 2.1951 -0.8057
1660 0.1133 2.4318
1661 0.4392 -2.2304
1662 0.5416 -2.1101
1663 -0.0728 -2.0740
1664 2.1439 -0.3830
1665 -0.7396 2.0508
1666 -1.5526 -2.1725
1667 1.0068 1.9293
1668 2.1264 -1.2044
1669 -2.5042 -1.2857
1670 -0.9445 2.7608
1671 0.0698 -2.1692
1672 2.2448 0.3882
1673 -1.3815 1.8114
1674 -1.4273 2.3710
1675 2.6880 0.6991
1676 -0.5363 -2.2469
1677 -2.2705 0.1808
1678 -2.3468 1.2389
1679 2.2464 1.4129
1680 -2.0548 -1.6794
1681 1.3647 1.8219
1682 -2.6178 0.5370
1683 -2.6617 0.3408
1684 2.2105 -0.9763
1685 -2.3513 -0.5565
1686 -0.2594 2.4027
1687 0.6941 2.3147
1688 -1.1999 -2.5363
1689 -2.6206 1.0063
1690 1.9930 -1.9796
1691 -2.3748 -1.5046
1692 2.1818 1.7664
1693 2.1430 -1.3810
1694 1.4046 1.6661
1695 -0.9169 -2.3818
1696 2.3431 0.4007
1697 -1.4451 1.8874
1698 1.4341 1.8969
1699 -2.3709 0.1801
1700 1.4808 -2.5207
1701 -0.5294 -2.8752
1702 0.0729 2.3367
1703 -2.2766 -0.8880
1704 -0.0618 2.6389
1705 0.9676 2.4563
1706 -2.6103 -0.3899
1707 2.3584 -0.2875
1708 -0.9273 2.1855
1709 0.4540 -2.3337
1710 0.7283 -2.2980
1711 0.5634 -2.3317
1712 -0.8461 2.2446
1713 2.3680 -0.3895
1714 -0.4105 -2.0281
1715 2.0477 -1.5426
1716 -2.2305 -1.8948
1717 2.5065 1.5109
1718 -2.5617 1.4153
1719 0.9777 2.1276
1720 1.1805 2.6725
1721 -2.9047 -0.3139
1722 2.3608 -1.5195
1723 -0.2546 2.2983
1724 0.6588 2.2176
1725 -2.2495 -0.5383
1726 2.1152 -0.9254
1727 0.9531 -2.2371
1728 0.2075 2.6888
1729 -2.2274 0.6802
1730 -1.1702 -2.0136
1731 -2.0981 -0.5330
1732 -1.2858 -1.9411
1733 -2.2594 0.5439
1734 -0.9460 -2.4697
1735 1.8045 -1.6426
1736 -0.9826 -2.2376
1737 -1.9268 1.3929
1738 2.1672 0.9662
1739 -1.6047 -1.7593
1740 2.3394 -1.7740
1741 1.5477 2.2651
1742 -2.5897 -1.1599
1743 0.2898 2.6724
1744 -0.0472 -2.3082
1745 1.0867 -1.9258
1746 1.0953 2.0381
1747 0.0990 -2.3119
1748 1.1617 1.9720
1749 1.1705 2.5430
1750 -2.7882 -0.2590
1751 2.1149 0.5179
1752 -1.1981 1.8181
1753 2.9195 0.1198
1754 2.8251 0.7461
1755 -2.0587 2.0735
1756 -1.5646 2.4693
1757 0.9842 -2.6237
1758 -0.0275 -2.8021
1759 -2.0510 -1.1098
1760 1.5387 -1.7525
1761 -2.3994 0.0871
1762 1.5254 1.8600
1763 2.0883 -1.6404
1764 1.8683 -2.2645
1765 -0.9811 -2.7669
1766 1.6131 -1.2864
1767 -2.7493 0.9850
1768 2.2276 1.8885
1769 -0.7056 -1.9388
1770 -0.1658 2.1707
1771 0.5880 2.0828
1772 0.1902 -2.2812
1773 0.9275 2.3017
1774 -0.0316 2.4810
1775 -0.3101 2.9152
1776 0.8466 2.8067
1777 2.6694 -1.1930
1778 -2.8540 -0.6702
1779 1.3522 2.4240
1780 2.7274 -0.2052
1781 0.4084 -2.7044
1782 1.5741 1.7143
1783 0.6567 -2.5921
1784 2.6376 -0.4625
1785 -2.0432 -1.8238
1786 2.3768 1.3512
1787 -2.3585 1.3828
1788 1.2746 -1.9394
1789 2.5459 0.9998
1790 -2.1388 1.7049
1791 -0.6985 2.2193
1792 2.2712 -0.5047
1793 0.6720 -2.2262
1794 0.2732 2.9195
1795 0.9267 -2.7783
1796 0.0779 -2.9274
1797 -1.5717 -2.0234
1798 -1.6822 1.5854
1799 1.7123 2.0666
1800 1.6382 1.4910
1801 -1.9603 -1.6624
1802 2.2002 1.3288
1803 -2.2509 1.2410
1804 0.6212 2.6716
1805 0.3743 2.8905
1806 2.3158 -1.2632
1807 1.8487 2.0216
1808 -2.5290 0.4138
1809 -1.2164 1.9882
1810 2.2440 0.6301
1811 2.8642 -0.5699
1812 -2.3255 -0.0478
1813 1.6127 -1.5918
1814 -1.3416 -1.8896
1815 -1.5017 2.3403
1816 -1.9271 -1.2117
1817 -1.4368 -2.5636
1818 -2.3646 -1.7421
1819 2.2190 -1.9178
1820 -2.6629 1.2390
1821 2.4044 1.6866
1822 1.3871 -1.5461
1823 -1.8161 -1.0084
1824 2.6891 -0.8099
1825 -0.6431 2.7338
1826 -2.8167 0.0182
1827 -0.9143 2.6661
1828 -2.1217 1.1796
1829 2.0824 1.2476
1830 -1.8458 -1.5766
1831 -2.6775 0.5916
1832 2.7686 -0.5407
1833 -1.0931 -2.4143
1834 2.3045 -1.6447
1835 -1.7543 -2.3564
1836 -0.2051 2.9072
1837 -1.7784 -1.4482
1838 -2.0301 1.0671
1839 1.9390 1.2245
1840 0.4446 -2.8938
1841 -0.7634 -2.6062
1842 1.6055 -2.1876
1843 -0.9137 2.5123
1844 -1.9092 -1.8836
1845 -2.7316 0.2074
1846 -1.9669 -1.0936
1847 -2.6762 0.0603
1848 1.4321 2.4295
1849 2.3937 1.2113
1850 -2.2459 1.4673
1851 1.5042 -1.6756
1852 -1.4144 -2.2544
1853 -2.1250 0.8057
1854 -0.9963 -2.0353
1855 -1.5516 -1.6959
1856 -1.8587 1.3510
1857 -2.6152 -0.5661
1858 -0.2361 2.6651
1859 0.8173 2.5479
1860 -0.6135 2.8675
1861 2.7901 -0.9023
1862 -2.2370 -0.9561
1863 1.3844 -2.4451
1864 -0.4646 -2.7711
1865 -2.5697 0.6905
1866 1.8874 1.8865
1867 -2.1709 -0.8081
1868 2.6479 -1.2752
1869 2.8684 0.5178
1870 -1.7505 2.3306
1871 -1.8827 2.2250
1872 2.8935 0.3505
1873 -2.4468 -1.3444
1874 -2.6233 -0.7925
1875 -0.4335 -2.1858
1876 -2.3751 1.7091
1877 2.6677 1.2023
1878 2.5685 -0.9498
1879 -0.4611 2.7027
1880 1.9657 -1.2344
1881 -1.5573 -2.2517
1882 1.6634 1.2397
1883 -2.8489 0.6810
1884 2.0151 2.1280
1885 -0.7900 2.4380
1886 2.5063 -0.5344
1887 -2.6827 0.8331
1888 2.0629 1.9067
1889 -0.4578 -2.4121
1890 2.8651 0.6100
1891 -1.6863 2.3953
1892 -1.9590 2.1781
1893 2.9176 0.2642
1894 0.8154 -1.9000
1895 -1.0665 2.5222
1896 -1.7145 -1.8648
1897 2.3156 1.0293
1898 -2.0470 1.4895
1899 1.1193 2.1675
1900 2.5021 0.4312
1901 -1.5409 2.0180
1902 2.6723 -0.0652
1903 -2.0033 1.7698
1904 0.2644 -2.6612
1905 1.5237 2.0305
1906 0.4917 -2.4917
1907 2.5244 -0.3049
1908 -0.3725 2.0422
1909 1.9548 -0.6985
1910 2.5347 0.8506
1911 -1.2813 2.3465
1912 -2.5638 -0.0263
1913 -1.9917 1.3298
1914 2.1462 1.0578
1915 -1.6875 -1.7001
1916 -2.0537 -0.2966
1917 1.3933 2.2817
1918 2.7917 0.1363
1919 -1.9537 1.9988
1920 -0.7028 -2.8510
1921 1.6356 -2.4387
1922 -0.1049 -2.7790
1923 1.0491 -2.5755
1924 1.4342 -1.9714
1925 2.4428 -1.1254
1926 -2.3231 1.0893
1927 2.1050 1.4672
1928 -2.0608 -1.5282
1929 1.8403 2.2748
1930 -2.8899 0.4562
1931 -1.2002 2.4666
1932 1.1570 -2.3462
1933 -0.2848 -2.6004
1934 -2.4877 0.9157
1935 2.0373 1.6967
1936 1.8432 -1.8895
1937 -2.2543 -1.3812
1938 2.6492 0.7677
1939 1.7601 1.4342
1940 1.2548 -2.1109
1941 -2.1081 -1.6134
1942 -2.3860 1.1637
1943 2.2008 1.4845
1944 -1.2681 2.6392
1945 0.5776 -2.8705
1946 -1.6721 -2.0015
1947 -0.7805 2.1826
1948 0.5851 -2.2455
1949 2.2816 -0.4168
1950 -0.9957 2.3255
1951 0.3861 2.2853
1952 2.2611 0.5328
1953 -1.2951 1.9284
1954 1.5033 1.7681
1955 -2.3209 0.0437
1956 1.0047 -2.3055
1957 -0.1556 -2.5101
1958 -2.7596 -0.9762
1959 2.5598 0.2856
1960 -1.6822 1.9504
1961 -1.8752 0.8461
1962 -1.6704 -1.2009
1963 -2.5177 0.2046
1964 2.5293 -0.0582
1965 -1.8926 1.6796
1966 2.4153 0.7523
1967 -1.2588 2.1943
1968 -0.0990 -2.9268
1969 1.0940 -2.7164
1970 0.0731 -2.4403
1971 2.6088 0.6355
1972 -1.4809 2.2405
1973 2.9260 -0.2374
1974 2.6259 0.4697
1975 -1.6054 2.1304
1976 -0.6159 1.9652
1977 2.0098 -0.4495
1978 -0.0505 -2.5736
1979 0.9328 -2.4011
1980 -1.9907 -2.1482
1981 -2.7577 0.4709
1982 -1.1642 2.7013
1983 -0.6901 -2.0741
1984 -0.7723 -2.0904
1985 -2.0590 -0.0425
1986 1.7518 -1.3100
1987 1.7371 -1.3969
1988 0.1965 -2.5287
1989 -1.8932 -2.2355
1990 1.2705 2.1883
1991 -2.5856 0.3312
1992 2.6496 0.3254
1993 -1.7210 2.0407
1994 -0.3105 2.8115
1995 0.8191 2.7157
1996 -2.7613 -0.6483
1997 2.5910 -1.1562
1998 0.7193 2.8405
1999 -2.3763 -1.1928
2000 -0.9079 2.3753
2001 -1.3408 -2.2967
2002 -2.5463 0.1095
2003 2.3330 -1.0838
2004 -2.5214 -0.5486
2005 -0.2300 2.5687
2006 0.7865 2.4614
2007 1.6091 -2.3032
2008 -0.7244 -2.7146
2009 1.2367 -2.3002
2010 -0.3754 -2.5845
2011 1.3234 -2.3816
2012 -0.4290 -2.6906
2013 1.3983 1.5070
2014 2.7260 1.0871
2015 -2.3045 1.8173
2016 2.7375 0.5560
2017 -1.6287 2.2696
2018 0.9314 2.0603
2019 1.7376 -2.2516
2020 -0.8628 -2.7094
2021 1.2098 2.4101
2022 2.5096 -0.4027
2023 0.5905 -2.4716
2024 -2.5129 1.2076
2025 2.3023 1.5724
2026 -2.2238 -1.6816
2027 2.1041 -1.8589
2028 -1.2673 -2.2390
2029 1.6050 1.9734
2030 0.1433 2.9259
2031 -1.1995 -2.3089
2032 -2.4502 0.7655
2033 1.8962 1.7429
2034 -2.5426 0.7721
2035 1.9381 1.8157
2036 0.6902 -2.4464
2037 1.3792 -2.5980
2038 -0.4075 -2.9130
2039 1.7257 -2.0169
2040 2.7013 0.2543
2041 -1.8072 2.0238
2042 1.9463 -1.6661
2043 -1.0715 1.7534
2044 1.9780 0.5565
2045 -1.1113 1.8804
2046 2.0930 0.6250
2047 -0.1391 -2.4426
2048 -0.8828 2.8012
2049 -2.2247 -1.2833
2050 0.2588 2.8200
2051 1.7899 -1.1892
2052 1.1397 1.7310
2053 0.4925 2.7369
2054 1.7470 -1.8827
2055 -2.2101 -0.3172
2056 0.2754 -2.0540
2057 -0.3283 2.6697
2058 0.7347 2.5873
2059 -2.6083 -0.6583
2060 2.4774 -1.0503
2061 -0.8813 -2.5142
2062 2.2552 -1.4116
2063 -0.0501 2.7769
2064 -2.3904 1.0241
2065 2.0822 1.5581
2066 1.9119 -1.7581
2067 -2.1401 -1.4755
2068 -2.5641 1.1583
2069 2.2852 1.6414
2070 -2.2837 -1.6434
2071 -2.3426 -1.2659
2072 0.9295 -1.9653
2073 1.3845 -2.2882
2074 -0.5184 -2.6237
2075 2.7826 0.2765
2076 -1.8517 2.0954
2077 -1.3997 2.4400
2078 -1.9725 0.6330
2079 -1.0153 -1.8055
2080 -2.9408 0.0998
2081 1.5568 2.4967
2082 1.8267 1.7625
2083 2.9367 -0.0594
2084 -2.1931 1.9539
2085 2.7887 0.9224
2086 2.9166 -0.3512
2087 -2.9293 -0.0715
2088 1.4027 2.5726
2089 2.0406 -1.7019
2090 2.1151 -0.7602
2091 -0.3992 2.2119
2092 -0.8216 -2.4015
2093 -2.1771 -0.0850
2094 -1.7006 -2.2172
2095 2.4883 0.5254
2096 -1.4667 2.0777
2097 -1.5320 -1.5432
2098 2.4306 -0.9762
2099 -2.5265 -0.6900
2100 -0.3705 2.5927
2101 0.6628 2.5326
2102 -0.5866 -2.1992
2103 -1.3943 -2.4180
2104 -1.3484 -2.4732
2105 0.6654 -2.0780
2106 2.1160 -0.5138
2107 -0.6130 2.0894
2108 -2.1029 1.4219
2109 2.2832 1.1104
2110 -1.7818 -1.8082
2111 -1.8152 2.1562
2112 2.7972 0.3459
2113 -2.0528 0.2926
2114 -2.8090 0.8490
2115 2.1398 2.0081
2116 -1.8060 1.2104
2117 2.1309 -1.7975
2118 -2.5874 -1.4090
2119 1.5066 1.5709
2120 2.8671 -0.6370
2121 2.5311 -1.2286
2122 -2.6333 0.4730
2123 -1.6085 -2.1372
2124 -2.1124 0.9587
2125 1.8863 1.3496
2126 -1.8806 -1.3583
2127 2.0618 0.2228
2128 -1.3598 1.5657
2129 2.7737 0.4945
2130 -1.6970 2.2491
2131 -1.4294 2.5749
2132 1.5405 1.3669
2133 -0.7978 2.7105
2134 2.7464 -0.6642
2135 2.0701 -0.1192
2136 0.5917 -1.9760
2137 0.7510 -2.8475
2138 0.2680 -2.9315
2139 1.8006 -1.4575
2140 -0.8083 -2.1708
2141 1.9532 0.9432
2142 0.2970 2.4314
2143 2.3752 -1.4249
2144 -1.4923 -2.5266
2145 -2.6311 1.2993
2146 2.4408 1.6289
2147 -2.3215 -1.7949
2148 2.2996 0.0775
2149 -1.3812 2.1492
2150 2.4742 0.6361
2151 0.2625 -2.5221
2152 1.7382 -1.6283
2153 -0.9904 -2.1669
2154 1.3298 2.1583
2155 1.5803 -1.9916
2156 -1.2040 2.2296
2157 2.3998 0.8146
2158 -2.1276 -2.0409
2159 -2.4898 1.5789
2160 2.6123 1.3668
2161 0.0504 2.2554
2162 1.3024 2.6423
2163 -2.9397 -0.1932
2164 -2.2549 0.9641
2165 1.9624 1.4707
2166 -2.0191 -1.3918
2167 -1.6536 -1.6165
2168 2.0642 1.0525
2169 -1.9398 1.2553
2170 0.9221 2.7892
2171 -2.8765 -0.5961
2172 0.3967 2.2174
2173 -1.4678 -1.4316
2174 -2.3521 0.5888
2175 0.9033 2.6699
2176 -0.2067 2.8109
2177 -2.7639 -0.5527
2178 1.2207 -1.8913
2179 -2.8147 0.2655
2180 1.6384 2.3038
2181 -1.7221 1.1123
2182 -0.0236 2.9439
2183 1.4085 -2.1422
2184 -0.5977 -2.4863
2185 1.3171 2.4775
2186 -1.3235 -2.0316
2187 -1.6348 1.6321
2188 -0.9201 -2.0441
2189 0.5602 2.8924
2190 1.6448 -1.5230
2191 -2.1161 -0.7691
2192 2.3723 0.6100
2193 -1.3241 2.0607
2194 -2.2354 -0.4603
2195 2.0520 -0.9945
2196 0.7265 2.1618
2197 -0.4698 2.3456
2198 2.2663 -0.7659
2199 -2.8208 -0.1074
2200 -0.1712 2.2746
2201 2.6781 -0.3185
2202 0.5178 -2.6468
2203 0.3509 2.7990
