    0              0.000000              0.000000
    1             -2.000000              3.464102
    2              0.000000              6.928203
    3              2.000000              3.464102
    4             -0.050000              0.086603
    5             -0.100000              0.173205
    6             -0.150000              0.259808
    7             -0.200000              0.346410
    8             -0.250000              0.433013
    9             -0.300000              0.519615
   10             -0.350000              0.606218
   11             -0.400000              0.692820
   12             -0.450000              0.779423
   13             -0.500000              0.866025
   14             -0.550000              0.952628
   15             -0.600000              1.039230
   16             -0.650000              1.125833
   17             -0.700000              1.212436
   18             -0.750000              1.299038
   19             -0.800000              1.385641
   20             -0.850000              1.472243
   21             -0.900000              1.558846
   22             -0.950000              1.645448
   23             -1.000000              1.732051
   24             -1.050000              1.818653
   25             -1.100000              1.905256
   26             -1.150000              1.991858
   27             -1.200000              2.078461
   28             -1.250000              2.165064
   29             -1.300000              2.251666
   30             -1.350000              2.338269
   31             -1.400000              2.424871
   32             -1.450000              2.511474
   33             -1.500000              2.598076
   34             -1.550000              2.684679
   35             -1.600000              2.771281
   36             -1.650000              2.857884
   37             -1.700000              2.944486
   38             -1.750000              3.031089
   39             -1.800000              3.117691
   40             -1.850000              3.204294
   41             -1.900000              3.290897
   42             -1.950000              3.377499
   43             -1.950000              3.550704
   44             -1.900000              3.637307
   45             -1.850000              3.723909
   46             -1.800000              3.810512
   47             -1.750000              3.897114
   48             -1.700000              3.983717
   49             -1.650000              4.070319
   50             -1.600000              4.156922
   51             -1.550000              4.243524
   52             -1.500000              4.330127
   53             -1.450000              4.416730
   54             -1.400000              4.503332
   55             -1.350000              4.589935
   56             -1.300000              4.676537
   57             -1.250000              4.763140
   58             -1.200000              4.849742
   59             -1.150000              4.936345
   60             -1.100000              5.022947
   61             -1.050000              5.109550
   62             -1.000000              5.196152
   63             -0.950000              5.282755
   64             -0.900000              5.369358
   65             -0.850000              5.455960
   66             -0.800000              5.542563
   67             -0.750000              5.629165
   68             -0.700000              5.715768
   69             -0.650000              5.802370
   70             -0.600000              5.888973
   71             -0.550000              5.975575
   72             -0.500000              6.062178
   73             -0.450000              6.148780
   74             -0.400000              6.235383
   75             -0.350000              6.321985
   76             -0.300000              6.408588
   77             -0.250000              6.495191
   78             -0.200000              6.581793
   79             -0.150000              6.668396
   80             -0.100000              6.754998
   81             -0.050000              6.841601
   82              0.050000              6.841601
   83              0.100000              6.754998
   84              0.150000              6.668396
   85              0.200000              6.581793
   86              0.250000              6.495191
   87              0.300000              6.408588
   88              0.350000              6.321985
   89              0.400000              6.235383
   90              0.450000              6.148780
   91              0.500000              6.062178
   92              0.550000              5.975575
   93              0.600000              5.888973
   94              0.650000              5.802370
   95              0.700000              5.715768
   96              0.750000              5.629165
   97              0.800000              5.542563
   98              0.850000              5.455960
   99              0.900000              5.369358
  100              0.950000              5.282755
  101              1.000000              5.196152
  102              1.050000              5.109550
  103              1.100000              5.022947
  104              1.150000              4.936345
  105              1.200000              4.849742
  106              1.250000              4.763140
  107              1.300000              4.676537
  108              1.350000              4.589935
  109              1.400000              4.503332
  110              1.450000              4.416730
  111              1.500000              4.330127
  112              1.550000              4.243524
  113              1.600000              4.156922
  114              1.650000              4.070319
  115              1.700000              3.983717
  116              1.750000              3.897114
  117              1.800000              3.810512
  118              1.850000              3.723909
  119              1.900000              3.637307
  120              1.950000              3.550704
  121              1.950000              3.377499
  122              1.900000              3.290897
  123              1.850000              3.204294
  124              1.800000              3.117691
  125              1.750000              3.031089
  126              1.700000              2.944486
  127              1.650000              2.857884
  128              1.600000              2.771281
  129              1.550000              2.684679
  130              1.500000              2.598076
  131              1.450000              2.511474
  132              1.400000              2.424871
  133              1.350000              2.338269
  134              1.300000              2.251666
  135              1.250000              2.165064
  136              1.200000              2.078461
  137              1.150000              1.991858
  138              1.100000              1.905256
  139              1.050000              1.818653
  140              1.000000              1.732051
  141              0.950000              1.645448
  142              0.900000              1.558846
  143              0.850000              1.472243
  144              0.800000              1.385641
  145              0.750000              1.299038
  146              0.700000              1.212436
  147              0.650000              1.125833
  148              0.600000              1.039230
  149              0.550000              0.952628
  150              0.500000              0.866025
  151              0.450000              0.779423
  152              0.400000              0.692820
  153              0.350000              0.606218
  154              0.300000              0.519615
  155              0.250000              0.433013
  156              0.200000              0.346410
  157              0.150000              0.259808
  158              0.100000              0.173205
  159              0.050000              0.086603
  160              0.000000              0.173205
  161              0.050000              0.259808
  162              0.100000              0.346410
  163              0.150000              0.433013
  164              0.200000              0.519615
  165              0.250000              0.606218
  166              0.300000              0.692820
  167              0.350000              0.779423
  168              0.400000              0.866025
  169              0.450000              0.952628
  170              0.500000              1.039230
  171              0.550000              1.125833
  172              0.600000              1.212436
  173              0.650000              1.299038
  174              0.700000              1.385641
  175              0.750000              1.472243
  176              0.800000              1.558846
  177              0.850000              1.645448
  178              0.900000              1.732051
  179              0.950000              1.818653
  180              1.000000              1.905256
  181              1.050000              1.991858
  182              1.100000              2.078461
  183              1.150000              2.165064
  184              1.200000              2.251666
  185              1.250000              2.338269
  186              1.300000              2.424871
  187              1.350000              2.511474
  188              1.400000              2.598076
  189              1.450000              2.684679
  190              1.500000              2.771281
  191              1.550000              2.857884
  192              1.600000              2.944486
  193              1.650000              3.031089
  194              1.700000              3.117691
  195              1.750000              3.204294
  196              1.800000              3.290897
  197              1.850000              3.377499
  198              1.900000              3.464102
  199             -0.050000              0.259808
  200              0.000000              0.346410
  201              0.050000              0.433013
  202              0.100000              0.519615
  203              0.150000              0.606218
  204              0.200000              0.692820
  205              0.250000              0.779423
  206              0.300000              0.866025
  207              0.350000              0.952628
  208              0.400000              1.039230
  209              0.450000              1.125833
  210              0.500000              1.212436
  211              0.550000              1.299038
  212              0.600000              1.385641
  213              0.650000              1.472243
  214              0.700000              1.558846
  215              0.750000              1.645448
  216              0.800000              1.732051
  217              0.850000              1.818653
  218              0.900000              1.905256
  219              0.950000              1.991858
  220              1.000000              2.078461
  221              1.050000              2.165064
  222              1.100000              2.251666
  223              1.150000              2.338269
  224              1.200000              2.424871
  225              1.250000              2.511474
  226              1.300000              2.598076
  227              1.350000              2.684679
  228              1.400000              2.771281
  229              1.450000              2.857884
  230              1.500000              2.944486
  231              1.550000              3.031089
  232              1.600000              3.117691
  233              1.650000              3.204294
  234              1.700000              3.290897
  235              1.750000              3.377499
  236              1.800000              3.464102
  237              1.850000              3.550704
  238             -0.100000              0.346410
  239             -0.050000              0.433013
  240              0.000000              0.519615
  241              0.050000              0.606218
  242              0.100000              0.692820
  243              0.150000              0.779423
  244              0.200000              0.866025
  245              0.250000              0.952628
  246              0.300000              1.039230
  247              0.350000              1.125833
  248              0.400000              1.212436
  249              0.450000              1.299038
  250              0.500000              1.385641
  251              0.550000              1.472243
  252              0.600000              1.558846
  253              0.650000              1.645448
  254              0.700000              1.732051
  255              0.750000              1.818653
  256              0.800000              1.905256
  257              0.850000              1.991858
  258              0.900000              2.078461
  259              0.950000              2.165064
  260              1.000000              2.251666
  261              1.050000              2.338269
  262              1.100000              2.424871
  263              1.150000              2.511474
  264              1.200000              2.598076
  265              1.250000              2.684679
  266              1.300000              2.771281
  267              1.350000              2.857884
  268              1.400000              2.944486
  269              1.450000              3.031089
  270              1.500000              3.117691
  271              1.550000              3.204294
  272              1.600000              3.290897
  273              1.650000              3.377499
  274              1.700000              3.464102
  275              1.750000              3.550704
  276              1.800000              3.637307
  277             -0.150000              0.433013
  278             -0.100000              0.519615
  279             -0.050000              0.606218
  280              0.000000              0.692820
  281              0.050000              0.779423
  282              0.100000              0.866025
  283              0.150000              0.952628
  284              0.200000              1.039230
  285              0.250000              1.125833
  286              0.300000              1.212436
  287              0.350000              1.299038
  288              0.400000              1.385641
  289              0.450000              1.472243
  290              0.500000              1.558846
  291              0.550000              1.645448
  292              0.600000              1.732051
  293              0.650000              1.818653
  294              0.700000              1.905256
  295              0.750000              1.991858
  296              0.800000              2.078461
  297              0.850000              2.165064
  298              0.900000              2.251666
  299              0.950000              2.338269
  300              1.000000              2.424871
  301              1.050000              2.511474
  302              1.100000              2.598076
  303              1.150000              2.684679
  304              1.200000              2.771281
  305              1.250000              2.857884
  306              1.300000              2.944486
  307              1.350000              3.031089
  308              1.400000              3.117691
  309              1.450000              3.204294
  310              1.500000              3.290897
  311              1.550000              3.377499
  312              1.600000              3.464102
  313              1.650000              3.550704
  314              1.700000              3.637307
  315              1.750000              3.723909
  316             -0.200000              0.519615
  317             -0.150000              0.606218
  318             -0.100000              0.692820
  319             -0.050000              0.779423
  320              0.000000              0.866025
  321              0.050000              0.952628
  322              0.100000              1.039230
  323              0.150000              1.125833
  324              0.200000              1.212436
  325              0.250000              1.299038
  326              0.300000              1.385641
  327              0.350000              1.472243
  328              0.400000              1.558846
  329              0.450000              1.645448
  330              0.500000              1.732051
  331              0.550000              1.818653
  332              0.600000              1.905256
  333              0.650000              1.991858
  334              0.700000              2.078461
  335              0.750000              2.165064
  336              0.800000              2.251666
  337              0.850000              2.338269
  338              0.900000              2.424871
  339              0.950000              2.511474
  340              1.000000              2.598076
  341              1.050000              2.684679
  342              1.100000              2.771281
  343              1.150000              2.857884
  344              1.200000              2.944486
  345              1.250000              3.031089
  346              1.300000              3.117691
  347              1.350000              3.204294
  348              1.400000              3.290897
  349              1.450000              3.377499
  350              1.500000              3.464102
  351              1.550000              3.550704
  352              1.600000              3.637307
  353              1.650000              3.723909
  354              1.700000              3.810512
  355             -0.250000              0.606218
  356             -0.200000              0.692820
  357             -0.150000              0.779423
  358             -0.100000              0.866025
  359             -0.050000              0.952628
  360              0.000000              1.039230
  361              0.050000              1.125833
  362              0.100000              1.212436
  363              0.150000              1.299038
  364              0.200000              1.385641
  365              0.250000              1.472243
  366              0.300000              1.558846
  367              0.350000              1.645448
  368              0.400000              1.732051
  369              0.450000              1.818653
  370              0.500000              1.905256
  371              0.550000              1.991858
  372              0.600000              2.078461
  373              0.650000              2.165064
  374              0.700000              2.251666
  375              0.750000              2.338269
  376              0.800000              2.424871
  377              0.850000              2.511474
  378              0.900000              2.598076
  379              0.950000              2.684679
  380              1.000000              2.771281
  381              1.050000              2.857884
  382              1.100000              2.944486
  383              1.150000              3.031089
  384              1.200000              3.117691
  385              1.250000              3.204294
  386              1.300000              3.290897
  387              1.350000              3.377499
  388              1.400000              3.464102
  389              1.450000              3.550704
  390              1.500000              3.637307
  391              1.550000              3.723909
  392              1.600000              3.810512
  393              1.650000              3.897114
  394             -0.300000              0.692820
  395             -0.250000              0.779423
  396             -0.200000              0.866025
  397             -0.150000              0.952628
  398             -0.100000              1.039230
  399             -0.050000              1.125833
  400              0.000000              1.212436
  401              0.050000              1.299038
  402              0.100000              1.385641
  403              0.150000              1.472243
  404              0.200000              1.558846
  405              0.250000              1.645448
  406              0.300000              1.732051
  407              0.350000              1.818653
  408              0.400000              1.905256
  409              0.450000              1.991858
  410              0.500000              2.078461
  411              0.550000              2.165064
  412              0.600000              2.251666
  413              0.650000              2.338269
  414              0.700000              2.424871
  415              0.750000              2.511474
  416              0.800000              2.598076
  417              0.850000              2.684679
  418              0.900000              2.771281
  419              0.950000              2.857884
  420              1.000000              2.944486
  421              1.050000              3.031089
  422              1.100000              3.117691
  423              1.150000              3.204294
  424              1.200000              3.290897
  425              1.250000              3.377499
  426              1.300000              3.464102
  427              1.350000              3.550704
  428              1.400000              3.637307
  429              1.450000              3.723909
  430              1.500000              3.810512
  431              1.550000              3.897114
  432              1.600000              3.983717
  433             -0.350000              0.779423
  434             -0.300000              0.866025
  435             -0.250000              0.952628
  436             -0.200000              1.039230
  437             -0.150000              1.125833
  438             -0.100000              1.212436
  439             -0.050000              1.299038
  440              0.000000              1.385641
  441              0.050000              1.472243
  442              0.100000              1.558846
  443              0.150000              1.645448
  444              0.200000              1.732051
  445              0.250000              1.818653
  446              0.300000              1.905256
  447              0.350000              1.991858
  448              0.400000              2.078461
  449              0.450000              2.165064
  450              0.500000              2.251666
  451              0.550000              2.338269
  452              0.600000              2.424871
  453              0.650000              2.511474
  454              0.700000              2.598076
  455              0.750000              2.684679
  456              0.800000              2.771281
  457              0.850000              2.857884
  458              0.900000              2.944486
  459              0.950000              3.031089
  460              1.000000              3.117691
  461              1.050000              3.204294
  462              1.100000              3.290897
  463              1.150000              3.377499
  464              1.200000              3.464102
  465              1.250000              3.550704
  466              1.300000              3.637307
  467              1.350000              3.723909
  468              1.400000              3.810512
  469              1.450000              3.897114
  470              1.500000              3.983717
  471              1.550000              4.070319
  472             -0.400000              0.866025
  473             -0.350000              0.952628
  474             -0.300000              1.039230
  475             -0.250000              1.125833
  476             -0.200000              1.212436
  477             -0.150000              1.299038
  478             -0.100000              1.385641
  479             -0.050000              1.472243
  480              0.000000              1.558846
  481              0.050000              1.645448
  482              0.100000              1.732051
  483              0.150000              1.818653
  484              0.200000              1.905256
  485              0.250000              1.991858
  486              0.300000              2.078461
  487              0.350000              2.165064
  488              0.400000              2.251666
  489              0.450000              2.338269
  490              0.500000              2.424871
  491              0.550000              2.511474
  492              0.600000              2.598076
  493              0.650000              2.684679
  494              0.700000              2.771281
  495              0.750000              2.857884
  496              0.800000              2.944486
  497              0.850000              3.031089
  498              0.900000              3.117691
  499              0.950000              3.204294
  500              1.000000              3.290897
  501              1.050000              3.377499
  502              1.100000              3.464102
  503              1.150000              3.550704
  504              1.200000              3.637307
  505              1.250000              3.723909
  506              1.300000              3.810512
  507              1.350000              3.897114
  508              1.400000              3.983717
  509              1.450000              4.070319
  510              1.500000              4.156922
  511             -0.450000              0.952628
  512             -0.400000              1.039230
  513             -0.350000              1.125833
  514             -0.300000              1.212436
  515             -0.250000              1.299038
  516             -0.200000              1.385641
  517             -0.150000              1.472243
  518             -0.100000              1.558846
  519             -0.050000              1.645448
  520              0.000000              1.732051
  521              0.050000              1.818653
  522              0.100000              1.905256
  523              0.150000              1.991858
  524              0.200000              2.078461
  525              0.250000              2.165064
  526              0.300000              2.251666
  527              0.350000              2.338269
  528              0.400000              2.424871
  529              0.450000              2.511474
  530              0.500000              2.598076
  531              0.550000              2.684679
  532              0.600000              2.771281
  533              0.650000              2.857884
  534              0.700000              2.944486
  535              0.750000              3.031089
  536              0.800000              3.117691
  537              0.850000              3.204294
  538              0.900000              3.290897
  539              0.950000              3.377499
  540              1.000000              3.464102
  541              1.050000              3.550704
  542              1.100000              3.637307
  543              1.150000              3.723909
  544              1.200000              3.810512
  545              1.250000              3.897114
  546              1.300000              3.983717
  547              1.350000              4.070319
  548              1.400000              4.156922
  549              1.450000              4.243524
  550             -0.500000              1.039230
  551             -0.450000              1.125833
  552             -0.400000              1.212436
  553             -0.350000              1.299038
  554             -0.300000              1.385641
  555             -0.250000              1.472243
  556             -0.200000              1.558846
  557             -0.150000              1.645448
  558             -0.100000              1.732051
  559             -0.050000              1.818653
  560              0.000000              1.905256
  561              0.050000              1.991858
  562              0.100000              2.078461
  563              0.150000              2.165064
  564              0.200000              2.251666
  565              0.250000              2.338269
  566              0.300000              2.424871
  567              0.350000              2.511474
  568              0.400000              2.598076
  569              0.450000              2.684679
  570              0.500000              2.771281
  571              0.550000              2.857884
  572              0.600000              2.944486
  573              0.650000              3.031089
  574              0.700000              3.117691
  575              0.750000              3.204294
  576              0.800000              3.290897
  577              0.850000              3.377499
  578              0.900000              3.464102
  579              0.950000              3.550704
  580              1.000000              3.637307
  581              1.050000              3.723909
  582              1.100000              3.810512
  583              1.150000              3.897114
  584              1.200000              3.983717
  585              1.250000              4.070319
  586              1.300000              4.156922
  587              1.350000              4.243524
  588              1.400000              4.330127
  589             -0.550000              1.125833
  590             -0.500000              1.212436
  591             -0.450000              1.299038
  592             -0.400000              1.385641
  593             -0.350000              1.472243
  594             -0.300000              1.558846
  595             -0.250000              1.645448
  596             -0.200000              1.732051
  597             -0.150000              1.818653
  598             -0.100000              1.905256
  599             -0.050000              1.991858
  600              0.000000              2.078461
  601              0.050000              2.165064
  602              0.100000              2.251666
  603              0.150000              2.338269
  604              0.200000              2.424871
  605              0.250000              2.511474
  606              0.300000              2.598076
  607              0.350000              2.684679
  608              0.400000              2.771281
  609              0.450000              2.857884
  610              0.500000              2.944486
  611              0.550000              3.031089
  612              0.600000              3.117691
  613              0.650000              3.204294
  614              0.700000              3.290897
  615              0.750000              3.377499
  616              0.800000              3.464102
  617              0.850000              3.550704
  618              0.900000              3.637307
  619              0.950000              3.723909
  620              1.000000              3.810512
  621              1.050000              3.897114
  622              1.100000              3.983717
  623              1.150000              4.070319
  624              1.200000              4.156922
  625              1.250000              4.243524
  626              1.300000              4.330127
  627              1.350000              4.416730
  628             -0.600000              1.212436
  629             -0.550000              1.299038
  630             -0.500000              1.385641
  631             -0.450000              1.472243
  632             -0.400000              1.558846
  633             -0.350000              1.645448
  634             -0.300000              1.732051
  635             -0.250000              1.818653
  636             -0.200000              1.905256
  637             -0.150000              1.991858
  638             -0.100000              2.078461
  639             -0.050000              2.165064
  640              0.000000              2.251666
  641              0.050000              2.338269
  642              0.100000              2.424871
  643              0.150000              2.511474
  644              0.200000              2.598076
  645              0.250000              2.684679
  646              0.300000              2.771281
  647              0.350000              2.857884
  648              0.400000              2.944486
  649              0.450000              3.031089
  650              0.500000              3.117691
  651              0.550000              3.204294
  652              0.600000              3.290897
  653              0.650000              3.377499
  654              0.700000              3.464102
  655              0.750000              3.550704
  656              0.800000              3.637307
  657              0.850000              3.723909
  658              0.900000              3.810512
  659              0.950000              3.897114
  660              1.000000              3.983717
  661              1.050000              4.070319
  662              1.100000              4.156922
  663              1.150000              4.243524
  664              1.200000              4.330127
  665              1.250000              4.416730
  666              1.300000              4.503332
  667             -0.650000              1.299038
  668             -0.600000              1.385641
  669             -0.550000              1.472243
  670             -0.500000              1.558846
  671             -0.450000              1.645448
  672             -0.400000              1.732051
  673             -0.350000              1.818653
  674             -0.300000              1.905256
  675             -0.250000              1.991858
  676             -0.200000              2.078461
  677             -0.150000              2.165064
  678             -0.100000              2.251666
  679             -0.050000              2.338269
  680              0.000000              2.424871
  681              0.050000              2.511474
  682              0.100000              2.598076
  683              0.150000              2.684679
  684              0.200000              2.771281
  685              0.250000              2.857884
  686              0.300000              2.944486
  687              0.350000              3.031089
  688              0.400000              3.117691
  689              0.450000              3.204294
  690              0.500000              3.290897
  691              0.550000              3.377499
  692              0.600000              3.464102
  693              0.650000              3.550704
  694              0.700000              3.637307
  695              0.750000              3.723909
  696              0.800000              3.810512
  697              0.850000              3.897114
  698              0.900000              3.983717
  699              0.950000              4.070319
  700              1.000000              4.156922
  701              1.050000              4.243524
  702              1.100000              4.330127
  703              1.150000              4.416730
  704              1.200000              4.503332
  705              1.250000              4.589935
  706             -0.700000              1.385641
  707             -0.650000              1.472243
  708             -0.600000              1.558846
  709             -0.550000              1.645448
  710             -0.500000              1.732051
  711             -0.450000              1.818653
  712             -0.400000              1.905256
  713             -0.350000              1.991858
  714             -0.300000              2.078461
  715             -0.250000              2.165064
  716             -0.200000              2.251666
  717             -0.150000              2.338269
  718             -0.100000              2.424871
  719             -0.050000              2.511474
  720              0.000000              2.598076
  721              0.050000              2.684679
  722              0.100000              2.771281
  723              0.150000              2.857884
  724              0.200000              2.944486
  725              0.250000              3.031089
  726              0.300000              3.117691
  727              0.350000              3.204294
  728              0.400000              3.290897
  729              0.450000              3.377499
  730              0.500000              3.464102
  731              0.550000              3.550704
  732              0.600000              3.637307
  733              0.650000              3.723909
  734              0.700000              3.810512
  735              0.750000              3.897114
  736              0.800000              3.983717
  737              0.850000              4.070319
  738              0.900000              4.156922
  739              0.950000              4.243524
  740              1.000000              4.330127
  741              1.050000              4.416730
  742              1.100000              4.503332
  743              1.150000              4.589935
  744              1.200000              4.676537
  745             -0.750000              1.472243
  746             -0.700000              1.558846
  747             -0.650000              1.645448
  748             -0.600000              1.732051
  749             -0.550000              1.818653
  750             -0.500000              1.905256
  751             -0.450000              1.991858
  752             -0.400000              2.078461
  753             -0.350000              2.165064
  754             -0.300000              2.251666
  755             -0.250000              2.338269
  756             -0.200000              2.424871
  757             -0.150000              2.511474
  758             -0.100000              2.598076
  759             -0.050000              2.684679
  760              0.000000              2.771281
  761              0.050000              2.857884
  762              0.100000              2.944486
  763              0.150000              3.031089
  764              0.200000              3.117691
  765              0.250000              3.204294
  766              0.300000              3.290897
  767              0.350000              3.377499
  768              0.400000              3.464102
  769              0.450000              3.550704
  770              0.500000              3.637307
  771              0.550000              3.723909
  772              0.600000              3.810512
  773              0.650000              3.897114
  774              0.700000              3.983717
  775              0.750000              4.070319
  776              0.800000              4.156922
  777              0.850000              4.243524
  778              0.900000              4.330127
  779              0.950000              4.416730
  780              1.000000              4.503332
  781              1.050000              4.589935
  782              1.100000              4.676537
  783              1.150000              4.763140
  784             -0.800000              1.558846
  785             -0.750000              1.645448
  786             -0.700000              1.732051
  787             -0.650000              1.818653
  788             -0.600000              1.905256
  789             -0.550000              1.991858
  790             -0.500000              2.078461
  791             -0.450000              2.165064
  792             -0.400000              2.251666
  793             -0.350000              2.338269
  794             -0.300000              2.424871
  795             -0.250000              2.511474
  796             -0.200000              2.598076
  797             -0.150000              2.684679
  798             -0.100000              2.771281
  799             -0.050000              2.857884
  800             -0.000000              2.944486
  801              0.050000              3.031089
  802              0.100000              3.117691
  803              0.150000              3.204294
  804              0.200000              3.290897
  805              0.250000              3.377499
  806              0.300000              3.464102
  807              0.350000              3.550704
  808              0.400000              3.637307
  809              0.450000              3.723909
  810              0.500000              3.810512
  811              0.550000              3.897114
  812              0.600000              3.983717
  813              0.650000              4.070319
  814              0.700000              4.156922
  815              0.750000              4.243524
  816              0.800000              4.330127
  817              0.850000              4.416730
  818              0.900000              4.503332
  819              0.950000              4.589935
  820              1.000000              4.676537
  821              1.050000              4.763140
  822              1.100000              4.849742
  823             -0.850000              1.645448
  824             -0.800000              1.732051
  825             -0.750000              1.818653
  826             -0.700000              1.905256
  827             -0.650000              1.991858
  828             -0.600000              2.078461
  829             -0.550000              2.165064
  830             -0.500000              2.251666
  831             -0.450000              2.338269
  832             -0.400000              2.424871
  833             -0.350000              2.511474
  834             -0.300000              2.598076
  835             -0.250000              2.684679
  836             -0.200000              2.771281
  837             -0.150000              2.857884
  838             -0.100000              2.944486
  839             -0.050000              3.031089
  840             -0.000000              3.117691
  841              0.050000              3.204294
  842              0.100000              3.290897
  843              0.150000              3.377499
  844              0.200000              3.464102
  845              0.250000              3.550704
  846              0.300000              3.637307
  847              0.350000              3.723909
  848              0.400000              3.810512
  849              0.450000              3.897114
  850              0.500000              3.983717
  851              0.550000              4.070319
  852              0.600000              4.156922
  853              0.650000              4.243524
  854              0.700000              4.330127
  855              0.750000              4.416730
  856              0.800000              4.503332
  857              0.850000              4.589935
  858              0.900000              4.676537
  859              0.950000              4.763140
  860              1.000000              4.849742
  861              1.050000              4.936345
  862             -0.900000              1.732051
  863             -0.850000              1.818653
  864             -0.800000              1.905256
  865             -0.750000              1.991858
  866             -0.700000              2.078461
  867             -0.650000              2.165064
  868             -0.600000              2.251666
  869             -0.550000              2.338269
  870             -0.500000              2.424871
  871             -0.450000              2.511474
  872             -0.400000              2.598076
  873             -0.350000              2.684679
  874             -0.300000              2.771281
  875             -0.250000              2.857884
  876             -0.200000              2.944486
  877             -0.150000              3.031089
  878             -0.100000              3.117691
  879             -0.050000              3.204294
  880             -0.000000              3.290897
  881              0.050000              3.377499
  882              0.100000              3.464102
  883              0.150000              3.550704
  884              0.200000              3.637307
  885              0.250000              3.723909
  886              0.300000              3.810512
  887              0.350000              3.897114
  888              0.400000              3.983717
  889              0.450000              4.070319
  890              0.500000              4.156922
  891              0.550000              4.243524
  892              0.600000              4.330127
  893              0.650000              4.416730
  894              0.700000              4.503332
  895              0.750000              4.589935
  896              0.800000              4.676537
  897              0.850000              4.763140
  898              0.900000              4.849742
  899              0.950000              4.936345
  900              1.000000              5.022947
  901             -0.950000              1.818653
  902             -0.900000              1.905256
  903             -0.850000              1.991858
  904             -0.800000              2.078461
  905             -0.750000              2.165064
  906             -0.700000              2.251666
  907             -0.650000              2.338269
  908             -0.600000              2.424871
  909             -0.550000              2.511474
  910             -0.500000              2.598076
  911             -0.450000              2.684679
  912             -0.400000              2.771281
  913             -0.350000              2.857884
  914             -0.300000              2.944486
  915             -0.250000              3.031089
  916             -0.200000              3.117691
  917             -0.150000              3.204294
  918             -0.100000              3.290897
  919             -0.050000              3.377499
  920             -0.000000              3.464102
  921              0.050000              3.550704
  922              0.100000              3.637307
  923              0.150000              3.723909
  924              0.200000              3.810512
  925              0.250000              3.897114
  926              0.300000              3.983717
  927              0.350000              4.070319
  928              0.400000              4.156922
  929              0.450000              4.243524
  930              0.500000              4.330127
  931              0.550000              4.416730
  932              0.600000              4.503332
  933              0.650000              4.589935
  934              0.700000              4.676537
  935              0.750000              4.763140
  936              0.800000              4.849742
  937              0.850000              4.936345
  938              0.900000              5.022947
  939              0.950000              5.109550
  940             -1.000000              1.905256
  941             -0.950000              1.991858
  942             -0.900000              2.078461
  943             -0.850000              2.165064
  944             -0.800000              2.251666
  945             -0.750000              2.338269
  946             -0.700000              2.424871
  947             -0.650000              2.511474
  948             -0.600000              2.598076
  949             -0.550000              2.684679
  950             -0.500000              2.771281
  951             -0.450000              2.857884
  952             -0.400000              2.944486
  953             -0.350000              3.031089
  954             -0.300000              3.117691
  955             -0.250000              3.204294
  956             -0.200000              3.290897
  957             -0.150000              3.377499
  958             -0.100000              3.464102
  959             -0.050000              3.550704
  960             -0.000000              3.637307
  961              0.050000              3.723909
  962              0.100000              3.810512
  963              0.150000              3.897114
  964              0.200000              3.983717
  965              0.250000              4.070319
  966              0.300000              4.156922
  967              0.350000              4.243524
  968              0.400000              4.330127
  969              0.450000              4.416730
  970              0.500000              4.503332
  971              0.550000              4.589935
  972              0.600000              4.676537
  973              0.650000              4.763140
  974              0.700000              4.849742
  975              0.750000              4.936345
  976              0.800000              5.022947
  977              0.850000              5.109550
  978              0.900000              5.196152
  979             -1.050000              1.991858
  980             -1.000000              2.078461
  981             -0.950000              2.165064
  982             -0.900000              2.251666
  983             -0.850000              2.338269
  984             -0.800000              2.424871
  985             -0.750000              2.511474
  986             -0.700000              2.598076
  987             -0.650000              2.684679
  988             -0.600000              2.771281
  989             -0.550000              2.857884
  990             -0.500000              2.944486
  991             -0.450000              3.031089
  992             -0.400000              3.117691
  993             -0.350000              3.204294
  994             -0.300000              3.290897
  995             -0.250000              3.377499
  996             -0.200000              3.464102
  997             -0.150000              3.550704
  998             -0.100000              3.637307
  999             -0.050000              3.723909
 1000             -0.000000              3.810512
 1001              0.050000              3.897114
 1002              0.100000              3.983717
 1003              0.150000              4.070319
 1004              0.200000              4.156922
 1005              0.250000              4.243524
 1006              0.300000              4.330127
 1007              0.350000              4.416730
 1008              0.400000              4.503332
 1009              0.450000              4.589935
 1010              0.500000              4.676537
 1011              0.550000              4.763140
 1012              0.600000              4.849742
 1013              0.650000              4.936345
 1014              0.700000              5.022947
 1015              0.750000              5.109550
 1016              0.800000              5.196152
 1017              0.850000              5.282755
 1018             -1.100000              2.078461
 1019             -1.050000              2.165064
 1020             -1.000000              2.251666
 1021             -0.950000              2.338269
 1022             -0.900000              2.424871
 1023             -0.850000              2.511474
 1024             -0.800000              2.598076
 1025             -0.750000              2.684679
 1026             -0.700000              2.771281
 1027             -0.650000              2.857884
 1028             -0.600000              2.944486
 1029             -0.550000              3.031089
 1030             -0.500000              3.117691
 1031             -0.450000              3.204294
 1032             -0.400000              3.290897
 1033             -0.350000              3.377499
 1034             -0.300000              3.464102
 1035             -0.250000              3.550704
 1036             -0.200000              3.637307
 1037             -0.150000              3.723909
 1038             -0.100000              3.810512
 1039             -0.050000              3.897114
 1040             -0.000000              3.983717
 1041              0.050000              4.070319
 1042              0.100000              4.156922
 1043              0.150000              4.243524
 1044              0.200000              4.330127
 1045              0.250000              4.416730
 1046              0.300000              4.503332
 1047              0.350000              4.589935
 1048              0.400000              4.676537
 1049              0.450000              4.763140
 1050              0.500000              4.849742
 1051              0.550000              4.936345
 1052              0.600000              5.022947
 1053              0.650000              5.109550
 1054              0.700000              5.196152
 1055              0.750000              5.282755
 1056              0.800000              5.369358
 1057             -1.150000              2.165064
 1058             -1.100000              2.251666
 1059             -1.050000              2.338269
 1060             -1.000000              2.424871
 1061             -0.950000              2.511474
 1062             -0.900000              2.598076
 1063             -0.850000              2.684679
 1064             -0.800000              2.771281
 1065             -0.750000              2.857884
 1066             -0.700000              2.944486
 1067             -0.650000              3.031089
 1068             -0.600000              3.117691
 1069             -0.550000              3.204294
 1070             -0.500000              3.290897
 1071             -0.450000              3.377499
 1072             -0.400000              3.464102
 1073             -0.350000              3.550704
 1074             -0.300000              3.637307
 1075             -0.250000              3.723909
 1076             -0.200000              3.810512
 1077             -0.150000              3.897114
 1078             -0.100000              3.983717
 1079             -0.050000              4.070319
 1080             -0.000000              4.156922
 1081              0.050000              4.243524
 1082              0.100000              4.330127
 1083              0.150000              4.416730
 1084              0.200000              4.503332
 1085              0.250000              4.589935
 1086              0.300000              4.676537
 1087              0.350000              4.763140
 1088              0.400000              4.849742
 1089              0.450000              4.936345
 1090              0.500000              5.022947
 1091              0.550000              5.109550
 1092              0.600000              5.196152
 1093              0.650000              5.282755
 1094              0.700000              5.369358
 1095              0.750000              5.455960
 1096             -1.200000              2.251666
 1097             -1.150000              2.338269
 1098             -1.100000              2.424871
 1099             -1.050000              2.511474
 1100             -1.000000              2.598076
 1101             -0.950000              2.684679
 1102             -0.900000              2.771281
 1103             -0.850000              2.857884
 1104             -0.800000              2.944486
 1105             -0.750000              3.031089
 1106             -0.700000              3.117691
 1107             -0.650000              3.204294
 1108             -0.600000              3.290897
 1109             -0.550000              3.377499
 1110             -0.500000              3.464102
 1111             -0.450000              3.550704
 1112             -0.400000              3.637307
 1113             -0.350000              3.723909
 1114             -0.300000              3.810512
 1115             -0.250000              3.897114
 1116             -0.200000              3.983717
 1117             -0.150000              4.070319
 1118             -0.100000              4.156922
 1119             -0.050000              4.243524
 1120             -0.000000              4.330127
 1121              0.050000              4.416730
 1122              0.100000              4.503332
 1123              0.150000              4.589935
 1124              0.200000              4.676537
 1125              0.250000              4.763140
 1126              0.300000              4.849742
 1127              0.350000              4.936345
 1128              0.400000              5.022947
 1129              0.450000              5.109550
 1130              0.500000              5.196152
 1131              0.550000              5.282755
 1132              0.600000              5.369358
 1133              0.650000              5.455960
 1134              0.700000              5.542563
 1135             -1.250000              2.338269
 1136             -1.200000              2.424871
 1137             -1.150000              2.511474
 1138             -1.100000              2.598076
 1139             -1.050000              2.684679
 1140             -1.000000              2.771281
 1141             -0.950000              2.857884
 1142             -0.900000              2.944486
 1143             -0.850000              3.031089
 1144             -0.800000              3.117691
 1145             -0.750000              3.204294
 1146             -0.700000              3.290897
 1147             -0.650000              3.377499
 1148             -0.600000              3.464102
 1149             -0.550000              3.550704
 1150             -0.500000              3.637307
 1151             -0.450000              3.723909
 1152             -0.400000              3.810512
 1153             -0.350000              3.897114
 1154             -0.300000              3.983717
 1155             -0.250000              4.070319
 1156             -0.200000              4.156922
 1157             -0.150000              4.243524
 1158             -0.100000              4.330127
 1159             -0.050000              4.416730
 1160             -0.000000              4.503332
 1161              0.050000              4.589935
 1162              0.100000              4.676537
 1163              0.150000              4.763140
 1164              0.200000              4.849742
 1165              0.250000              4.936345
 1166              0.300000              5.022947
 1167              0.350000              5.109550
 1168              0.400000              5.196152
 1169              0.450000              5.282755
 1170              0.500000              5.369358
 1171              0.550000              5.455960
 1172              0.600000              5.542563
 1173              0.650000              5.629165
 1174             -1.300000              2.424871
 1175             -1.250000              2.511474
 1176             -1.200000              2.598076
 1177             -1.150000              2.684679
 1178             -1.100000              2.771281
 1179             -1.050000              2.857884
 1180             -1.000000              2.944486
 1181             -0.950000              3.031089
 1182             -0.900000              3.117691
 1183             -0.850000              3.204294
 1184             -0.800000              3.290897
 1185             -0.750000              3.377499
 1186             -0.700000              3.464102
 1187             -0.650000              3.550704
 1188             -0.600000              3.637307
 1189             -0.550000              3.723909
 1190             -0.500000              3.810512
 1191             -0.450000              3.897114
 1192             -0.400000              3.983717
 1193             -0.350000              4.070319
 1194             -0.300000              4.156922
 1195             -0.250000              4.243524
 1196             -0.200000              4.330127
 1197             -0.150000              4.416730
 1198             -0.100000              4.503332
 1199             -0.050000              4.589935
 1200             -0.000000              4.676537
 1201              0.050000              4.763140
 1202              0.100000              4.849742
 1203              0.150000              4.936345
 1204              0.200000              5.022947
 1205              0.250000              5.109550
 1206              0.300000              5.196152
 1207              0.350000              5.282755
 1208              0.400000              5.369358
 1209              0.450000              5.455960
 1210              0.500000              5.542563
 1211              0.550000              5.629165
 1212              0.600000              5.715768
 1213             -1.350000              2.511474
 1214             -1.300000              2.598076
 1215             -1.250000              2.684679
 1216             -1.200000              2.771281
 1217             -1.150000              2.857884
 1218             -1.100000              2.944486
 1219             -1.050000              3.031089
 1220             -1.000000              3.117691
 1221             -0.950000              3.204294
 1222             -0.900000              3.290897
 1223             -0.850000              3.377499
 1224             -0.800000              3.464102
 1225             -0.750000              3.550704
 1226             -0.700000              3.637307
 1227             -0.650000              3.723909
 1228             -0.600000              3.810512
 1229             -0.550000              3.897114
 1230             -0.500000              3.983717
 1231             -0.450000              4.070319
 1232             -0.400000              4.156922
 1233             -0.350000              4.243524
 1234             -0.300000              4.330127
 1235             -0.250000              4.416730
 1236             -0.200000              4.503332
 1237             -0.150000              4.589935
 1238             -0.100000              4.676537
 1239             -0.050000              4.763140
 1240             -0.000000              4.849742
 1241              0.050000              4.936345
 1242              0.100000              5.022947
 1243              0.150000              5.109550
 1244              0.200000              5.196152
 1245              0.250000              5.282755
 1246              0.300000              5.369358
 1247              0.350000              5.455960
 1248              0.400000              5.542563
 1249              0.450000              5.629165
 1250              0.500000              5.715768
 1251              0.550000              5.802370
 1252             -1.400000              2.598076
 1253             -1.350000              2.684679
 1254             -1.300000              2.771281
 1255             -1.250000              2.857884
 1256             -1.200000              2.944486
 1257             -1.150000              3.031089
 1258             -1.100000              3.117691
 1259             -1.050000              3.204294
 1260             -1.000000              3.290897
 1261             -0.950000              3.377499
 1262             -0.900000              3.464102
 1263             -0.850000              3.550704
 1264             -0.800000              3.637307
 1265             -0.750000              3.723909
 1266             -0.700000              3.810512
 1267             -0.650000              3.897114
 1268             -0.600000              3.983717
 1269             -0.550000              4.070319
 1270             -0.500000              4.156922
 1271             -0.450000              4.243524
 1272             -0.400000              4.330127
 1273             -0.350000              4.416730
 1274             -0.300000              4.503332
 1275             -0.250000              4.589935
 1276             -0.200000              4.676537
 1277             -0.150000              4.763140
 1278             -0.100000              4.849742
 1279             -0.050000              4.936345
 1280             -0.000000              5.022947
 1281              0.050000              5.109550
 1282              0.100000              5.196152
 1283              0.150000              5.282755
 1284              0.200000              5.369358
 1285              0.250000              5.455960
 1286              0.300000              5.542563
 1287              0.350000              5.629165
 1288              0.400000              5.715768
 1289              0.450000              5.802370
 1290              0.500000              5.888973
 1291             -1.450000              2.684679
 1292             -1.400000              2.771281
 1293             -1.350000              2.857884
 1294             -1.300000              2.944486
 1295             -1.250000              3.031089
 1296             -1.200000              3.117691
 1297             -1.150000              3.204294
 1298             -1.100000              3.290897
 1299             -1.050000              3.377499
 1300             -1.000000              3.464102
 1301             -0.950000              3.550704
 1302             -0.900000              3.637307
 1303             -0.850000              3.723909
 1304             -0.800000              3.810512
 1305             -0.750000              3.897114
 1306             -0.700000              3.983717
 1307             -0.650000              4.070319
 1308             -0.600000              4.156922
 1309             -0.550000              4.243524
 1310             -0.500000              4.330127
 1311             -0.450000              4.416730
 1312             -0.400000              4.503332
 1313             -0.350000              4.589935
 1314             -0.300000              4.676537
 1315             -0.250000              4.763140
 1316             -0.200000              4.849742
 1317             -0.150000              4.936345
 1318             -0.100000              5.022947
 1319             -0.050000              5.109550
 1320             -0.000000              5.196152
 1321              0.050000              5.282755
 1322              0.100000              5.369358
 1323              0.150000              5.455960
 1324              0.200000              5.542563
 1325              0.250000              5.629165
 1326              0.300000              5.715768
 1327              0.350000              5.802370
 1328              0.400000              5.888973
 1329              0.450000              5.975575
 1330             -1.500000              2.771281
 1331             -1.450000              2.857884
 1332             -1.400000              2.944486
 1333             -1.350000              3.031089
 1334             -1.300000              3.117691
 1335             -1.250000              3.204294
 1336             -1.200000              3.290897
 1337             -1.150000              3.377499
 1338             -1.100000              3.464102
 1339             -1.050000              3.550704
 1340             -1.000000              3.637307
 1341             -0.950000              3.723909
 1342             -0.900000              3.810512
 1343             -0.850000              3.897114
 1344             -0.800000              3.983717
 1345             -0.750000              4.070319
 1346             -0.700000              4.156922
 1347             -0.650000              4.243524
 1348             -0.600000              4.330127
 1349             -0.550000              4.416730
 1350             -0.500000              4.503332
 1351             -0.450000              4.589935
 1352             -0.400000              4.676537
 1353             -0.350000              4.763140
 1354             -0.300000              4.849742
 1355             -0.250000              4.936345
 1356             -0.200000              5.022947
 1357             -0.150000              5.109550
 1358             -0.100000              5.196152
 1359             -0.050000              5.282755
 1360             -0.000000              5.369358
 1361              0.050000              5.455960
 1362              0.100000              5.542563
 1363              0.150000              5.629165
 1364              0.200000              5.715768
 1365              0.250000              5.802370
 1366              0.300000              5.888973
 1367              0.350000              5.975575
 1368              0.400000              6.062178
 1369             -1.550000              2.857884
 1370             -1.500000              2.944486
 1371             -1.450000              3.031089
 1372             -1.400000              3.117691
 1373             -1.350000              3.204294
 1374             -1.300000              3.290897
 1375             -1.250000              3.377499
 1376             -1.200000              3.464102
 1377             -1.150000              3.550704
 1378             -1.100000              3.637307
 1379             -1.050000              3.723909
 1380             -1.000000              3.810512
 1381             -0.950000              3.897114
 1382             -0.900000              3.983717
 1383             -0.850000              4.070319
 1384             -0.800000              4.156922
 1385             -0.750000              4.243524
 1386             -0.700000              4.330127
 1387             -0.650000              4.416730
 1388             -0.600000              4.503332
 1389             -0.550000              4.589935
 1390             -0.500000              4.676537
 1391             -0.450000              4.763140
 1392             -0.400000              4.849742
 1393             -0.350000              4.936345
 1394             -0.300000              5.022947
 1395             -0.250000              5.109550
 1396             -0.200000              5.196152
 1397             -0.150000              5.282755
 1398             -0.100000              5.369358
 1399             -0.050000              5.455960
 1400             -0.000000              5.542563
 1401              0.050000              5.629165
 1402              0.100000              5.715768
 1403              0.150000              5.802370
 1404              0.200000              5.888973
 1405              0.250000              5.975575
 1406              0.300000              6.062178
 1407              0.350000              6.148780
 1408             -1.600000              2.944486
 1409             -1.550000              3.031089
 1410             -1.500000              3.117691
 1411             -1.450000              3.204294
 1412             -1.400000              3.290897
 1413             -1.350000              3.377499
 1414             -1.300000              3.464102
 1415             -1.250000              3.550704
 1416             -1.200000              3.637307
 1417             -1.150000              3.723909
 1418             -1.100000              3.810512
 1419             -1.050000              3.897114
 1420             -1.000000              3.983717
 1421             -0.950000              4.070319
 1422             -0.900000              4.156922
 1423             -0.850000              4.243524
 1424             -0.800000              4.330127
 1425             -0.750000              4.416730
 1426             -0.700000              4.503332
 1427             -0.650000              4.589935
 1428             -0.600000              4.676537
 1429             -0.550000              4.763140
 1430             -0.500000              4.849742
 1431             -0.450000              4.936345
 1432             -0.400000              5.022947
 1433             -0.350000              5.109550
 1434             -0.300000              5.196152
 1435             -0.250000              5.282755
 1436             -0.200000              5.369358
 1437             -0.150000              5.455960
 1438             -0.100000              5.542563
 1439             -0.050000              5.629165
 1440             -0.000000              5.715768
 1441              0.050000              5.802370
 1442              0.100000              5.888973
 1443              0.150000              5.975575
 1444              0.200000              6.062178
 1445              0.250000              6.148780
 1446              0.300000              6.235383
 1447             -1.650000              3.031089
 1448             -1.600000              3.117691
 1449             -1.550000              3.204294
 1450             -1.500000              3.290897
 1451             -1.450000              3.377499
 1452             -1.400000              3.464102
 1453             -1.350000              3.550704
 1454             -1.300000              3.637307
 1455             -1.250000              3.723909
 1456             -1.200000              3.810512
 1457             -1.150000              3.897114
 1458             -1.100000              3.983717
 1459             -1.050000              4.070319
 1460             -1.000000              4.156922
 1461             -0.950000              4.243524
 1462             -0.900000              4.330127
 1463             -0.850000              4.416730
 1464             -0.800000              4.503332
 1465             -0.750000              4.589935
 1466             -0.700000              4.676537
 1467             -0.650000              4.763140
 1468             -0.600000              4.849742
 1469             -0.550000              4.936345
 1470             -0.500000              5.022947
 1471             -0.450000              5.109550
 1472             -0.400000              5.196152
 1473             -0.350000              5.282755
 1474             -0.300000              5.369358
 1475             -0.250000              5.455960
 1476             -0.200000              5.542563
 1477             -0.150000              5.629165
 1478             -0.100000              5.715768
 1479             -0.050000              5.802370
 1480             -0.000000              5.888973
 1481              0.050000              5.975575
 1482              0.100000              6.062178
 1483              0.150000              6.148780
 1484              0.200000              6.235383
 1485              0.250000              6.321985
 1486             -1.700000              3.117691
 1487             -1.650000              3.204294
 1488             -1.600000              3.290897
 1489             -1.550000              3.377499
 1490             -1.500000              3.464102
 1491             -1.450000              3.550704
 1492             -1.400000              3.637307
 1493             -1.350000              3.723909
 1494             -1.300000              3.810512
 1495             -1.250000              3.897114
 1496             -1.200000              3.983717
 1497             -1.150000              4.070319
 1498             -1.100000              4.156922
 1499             -1.050000              4.243524
 1500             -1.000000              4.330127
 1501             -0.950000              4.416730
 1502             -0.900000              4.503332
 1503             -0.850000              4.589935
 1504             -0.800000              4.676537
 1505             -0.750000              4.763140
 1506             -0.700000              4.849742
 1507             -0.650000              4.936345
 1508             -0.600000              5.022947
 1509             -0.550000              5.109550
 1510             -0.500000              5.196152
 1511             -0.450000              5.282755
 1512             -0.400000              5.369358
 1513             -0.350000              5.455960
 1514             -0.300000              5.542563
 1515             -0.250000              5.629165
 1516             -0.200000              5.715768
 1517             -0.150000              5.802370
 1518             -0.100000              5.888973
 1519             -0.050000              5.975575
 1520             -0.000000              6.062178
 1521              0.050000              6.148780
 1522              0.100000              6.235383
 1523              0.150000              6.321985
 1524              0.200000              6.408588
 1525             -1.750000              3.204294
 1526             -1.700000              3.290897
 1527             -1.650000              3.377499
 1528             -1.600000              3.464102
 1529             -1.550000              3.550704
 1530             -1.500000              3.637307
 1531             -1.450000              3.723909
 1532             -1.400000              3.810512
 1533             -1.350000              3.897114
 1534             -1.300000              3.983717
 1535             -1.250000              4.070319
 1536             -1.200000              4.156922
 1537             -1.150000              4.243524
 1538             -1.100000              4.330127
 1539             -1.050000              4.416730
 1540             -1.000000              4.503332
 1541             -0.950000              4.589935
 1542             -0.900000              4.676537
 1543             -0.850000              4.763140
 1544             -0.800000              4.849742
 1545             -0.750000              4.936345
 1546             -0.700000              5.022947
 1547             -0.650000              5.109550
 1548             -0.600000              5.196152
 1549             -0.550000              5.282755
 1550             -0.500000              5.369358
 1551             -0.450000              5.455960
 1552             -0.400000              5.542563
 1553             -0.350000              5.629165
 1554             -0.300000              5.715768
 1555             -0.250000              5.802370
 1556             -0.200000              5.888973
 1557             -0.150000              5.975575
 1558             -0.100000              6.062178
 1559             -0.050000              6.148780
 1560             -0.000000              6.235383
 1561              0.050000              6.321985
 1562              0.100000              6.408588
 1563              0.150000              6.495191
 1564             -1.800000              3.290897
 1565             -1.750000              3.377499
 1566             -1.700000              3.464102
 1567             -1.650000              3.550704
 1568             -1.600000              3.637307
 1569             -1.550000              3.723909
 1570             -1.500000              3.810512
 1571             -1.450000              3.897114
 1572             -1.400000              3.983717
 1573             -1.350000              4.070319
 1574             -1.300000              4.156922
 1575             -1.250000              4.243524
 1576             -1.200000              4.330127
 1577             -1.150000              4.416730
 1578             -1.100000              4.503332
 1579             -1.050000              4.589935
 1580             -1.000000              4.676537
 1581             -0.950000              4.763140
 1582             -0.900000              4.849742
 1583             -0.850000              4.936345
 1584             -0.800000              5.022947
 1585             -0.750000              5.109550
 1586             -0.700000              5.196152
 1587             -0.650000              5.282755
 1588             -0.600000              5.369358
 1589             -0.550000              5.455960
 1590             -0.500000              5.542563
 1591             -0.450000              5.629165
 1592             -0.400000              5.715768
 1593             -0.350000              5.802370
 1594             -0.300000              5.888973
 1595             -0.250000              5.975575
 1596             -0.200000              6.062178
 1597             -0.150000              6.148780
 1598             -0.100000              6.235383
 1599             -0.050000              6.321985
 1600             -0.000000              6.408588
 1601              0.050000              6.495191
 1602              0.100000              6.581793
 1603             -1.850000              3.377499
 1604             -1.800000              3.464102
 1605             -1.750000              3.550704
 1606             -1.700000              3.637307
 1607             -1.650000              3.723909
 1608             -1.600000              3.810512
 1609             -1.550000              3.897114
 1610             -1.500000              3.983717
 1611             -1.450000              4.070319
 1612             -1.400000              4.156922
 1613             -1.350000              4.243524
 1614             -1.300000              4.330127
 1615             -1.250000              4.416730
 1616             -1.200000              4.503332
 1617             -1.150000              4.589935
 1618             -1.100000              4.676537
 1619             -1.050000              4.763140
 1620             -1.000000              4.849742
 1621             -0.950000              4.936345
 1622             -0.900000              5.022947
 1623             -0.850000              5.109550
 1624             -0.800000              5.196152
 1625             -0.750000              5.282755
 1626             -0.700000              5.369358
 1627             -0.650000              5.455960
 1628             -0.600000              5.542563
 1629             -0.550000              5.629165
 1630             -0.500000              5.715768
 1631             -0.450000              5.802370
 1632             -0.400000              5.888973
 1633             -0.350000              5.975575
 1634             -0.300000              6.062178
 1635             -0.250000              6.148780
 1636             -0.200000              6.235383
 1637             -0.150000              6.321985
 1638             -0.100000              6.408588
 1639             -0.050000              6.495191
 1640             -0.000000              6.581793
 1641              0.050000              6.668396
 1642             -1.900000              3.464102
 1643             -1.850000              3.550704
 1644             -1.800000              3.637307
 1645             -1.750000              3.723909
 1646             -1.700000              3.810512
 1647             -1.650000              3.897114
 1648             -1.600000              3.983717
 1649             -1.550000              4.070319
 1650             -1.500000              4.156922
 1651             -1.450000              4.243524
 1652             -1.400000              4.330127
 1653             -1.350000              4.416730
 1654             -1.300000              4.503332
 1655             -1.250000              4.589935
 1656             -1.200000              4.676537
 1657             -1.150000              4.763140
 1658             -1.100000              4.849742
 1659             -1.050000              4.936345
 1660             -1.000000              5.022947
 1661             -0.950000              5.109550
 1662             -0.900000              5.196152
 1663             -0.850000              5.282755
 1664             -0.800000              5.369358
 1665             -0.750000              5.455960
 1666             -0.700000              5.542563
 1667             -0.650000              5.629165
 1668             -0.600000              5.715768
 1669             -0.550000              5.802370
 1670             -0.500000              5.888973
 1671             -0.450000              5.975575
 1672             -0.400000              6.062178
 1673             -0.350000              6.148780
 1674             -0.300000              6.235383
 1675             -0.250000              6.321985
 1676             -0.200000              6.408588
 1677             -0.150000              6.495191
 1678             -0.100000              6.581793
 1679             -0.050000              6.668396
 1680             -0.000000              6.754998
