    0         1         0       337        83       223       418
    1         1         0       340       222        86       451
    2         1         0       341       224        88       453
    3         1         0       284       446       116       367
    4         1         0       285       447       118       234
    5         1         0       297       275       492       414
    6         1         0       296       274       150       421
    7         1         0       388       108       499       190
    8         1         0       364        17        18       230
    9         1         0       365        36        37       229
   10         1         0       366       232        66        67
   11         1         0       368        55        56       234
   12         1         0       369       235        47        48
   13         1         0       370       231         9        10
   14         1         0       371       233        28        29
   15         1         0        74        75       284       367
   16         1         0        34        35       262       433
   17         1         0        12       437       264        11
   18         1         0        31       439       267        30
   19         1         0        50       438       269        49
   20         1         0        72        73       266       435
   21         1         0        69       434       265        68
   22         1         0        15        16       263       432
   23         1         0        53        54       268       436
   24         1         0       332       201       333        80
   25         1         0       137       448       244       206
   26         1         0       288       358       342        89
   27         1         0       291       361       343        92
   28         1         0       493       294        94       416
   29         1         0       308       144       464       196
   30         1         0       124       518       528       218
   31         1         0       234        56        57       285
   32         1         0       235       286        46        47
   33         1         0       233       287        27        28
   34         1         0       336       197       424       141
   35         1         0       316       425       142       198
   36         1         0       486       500       270       125
   37         1         0       457       501       271       126
   38         1         0       149       312        94       294
   39         1         0       201       482       145       333
   40         1         0       143       463       283       195
   41         1         0       404       135       303       407
   42         1         0       189       498       274       127
   43         1         0       118       447       373       213
   44         1         0       424       315       470        98
   45         1         0       244        97       334       206
   46         1         0       245        99       335       207
   47         1         0       446       212       502       116
   48         1         0       187       292       127       478
   49         1         0       188       293       128       479
   50         1         0       333       145       384       200
   51         1         0       219       202       322       133
   52         1         0       220       203       325       134
   53         1         0       317       135       323       204
   54         1         0       318       136       324       205
   55         1         0       413       216       496       117
   56         1         0       195       307       495       143
   57         1         0       249       497       144       308
   58         1         0        97       244       182       326
   59         1         0        99       245       183       327
   60         1         0       365       229       362       152
   61         1         0       156       367       116       363
   62         1         0       432       129       437       226
   63         1         0       435       131       434       225
   64         1         0       433       130       439       228
   65         1         0       436       132       438       227
   66         1         0       104       308       518       273
   67         1         0       168       219       133       372
   68         1         0       408       302       220       134
   69         1         0       409       136       318       304
   70         1         0       221       169       430       303
   71         1         0       462       295        96       445
   72         1         0       334       147       310       206
   73         1         0       335       148       311       207
   74         1         0       425       316       469       101
   75         1         0       272       517       122       340
   76         1         0       273       518       124       341
   77         1         0       235       120       431       286
   78         1         0       299       215       313        90
   79         1         0       300       216       314        91
   80         1         0       187       504       100       292
   81         1         0       188       505       102       293
   82         1         0       422        85       450       208
   83         1         0       423        87       452       210
   84         1         0       417       214       494       115
   85         1         0       412       215       495       119
   86         1         0        86       222       149       376
   87         1         0        88       224       151       378
   88         1         0       449       207       456       138
   89         1         0       151       347        96       295
   90         1         0       496       216       490       142
   91         1         0       303       135       317       221
   92         1         0       323       209       345       110
   93         1         0       324       211       346       111
   94         1         0       201       527       186       482
   95         1         0       222       340       122       472
   96         1         0       201       146       253       309
   97         1         0       352       257       310       147
   98         1         0       353       259       311       148
   99         1         0       432       263       358       129
  100         1         0       439       130       359       267
  101         1         0       434       131       360       265
  102         1         0       436       268       361       132
  103         1         0       122       517       195       283
  104         1         0       322       109       397       208
  105         1         0       325       112       398       210
  106         1         0       193       375       105       352
  107         1         0       194       377       107       353
  108         1         0       300       238       502       139
  109         1         0       239       503       506       140
  110         1         0       279       488       298       137
  111         1         0       239       140       491       301
  112         1         0       198       418       123       316
  113         1         0       490       139       355       281
  114         1         0       491       140       356       282
  115         1         0       106       357       186       354
  116         1         0       302       170       393       220
  117         1         0       304       318       510       171
  118         1         0       236       113       244       448
  119         1         0       207       449       114       245
  120         1         0       240         5         6       401
  121         1         0       241        62        63       402
  122         1         0       242       400        40        41
  123         1         0       243       399        21        22
  124         1         0       226        14        15       432
  125         1         0       225       434        69        70
  126         1         0       225        71        72       435
  127         1         0       227        52        53       436
  128         1         0       228        33        34       433
  129         1         0       227       438        50        51
  130         1         0       228       439        31        32
  131         1         0       226       437        12        13
  132         1         0       307       248       119       495
  133         1         0       217       497       249       120
  134         1         0       162       390        94       254
  135         1         0         7       350       401         6
  136         1         0        64       351       402        63
  137         1         0        39        40       400       349
  138         1         0        20        21       399       348
  139         1         0       317        25       511       221
  140         1         0       496       142       425       247
  141         1         0       272       307       195       517
  142         1         0       528       518       308       196
  143         1         0       150       223        83       421
  144         1         0       298        89       342       236
  145         1         0       301        92       343       239
  146         1         0        96       276       492       380
  147         1         0       334       255       345       176
  148         1         0       335       256       346       177
  149         1         0       449       237       362       114
  150         1         0       139       502       212       504
  151         1         0       118       213       506       503
  152         1         0       362       229       529       114
  153         1         0       307       272       407       103
  154         1         0       175       409       104       273
  155         1         0       209       404       174       451
  156         1         0       211       405       175       453
  157         1         0       208       450       172       406
  158         1         0       210       452       173       403
  159         1         0       530       113       396       230
  160         1         0       364       230       396       153
  161         1         0       118       503       157       234
  162         1         0       357       252       384       145
  163         1         0       214       320       288        89
  164         1         0       217       321       291        92
  165         1         0       329       101       469       278
  166         1         0       116       502       238       363
  167         1         0       370       154       417       231
  168         1         0       369       159       321       235
  169         1         0       371       158       412       233
  170         1         0       366       155       413       232
  171         1         0       532       231       417       115
  172         1         0       217       120       235       321
  173         1         0       287       233       412       119
  174         1         0       533       232       413       117
  175         1         0       124       516       224       341
  176         1         0       424       246       494       141
  177         1         0       307       103       430       248
  178         1         0       208       397       178       422
  179         1         0       210       398       179       423
  180         1         0       299        90       480       237
  181         1         0       300        91       481       238
  182         1         0       113       236       342       396
  183         1         0       455        81       336       279
  184         1         0       437       129       524       264
  185         1         0       438       132       526       269
  186         1         0       146       344       520       253
  187         1         0       397       109       444       277
  188         1         0       298       236       448       137
  189         1         0       299       237       449       138
  190         1         0        90       313       158       359
  191         1         0        91       314       155       360
  192         1         0       441       166       400       242
  193         1         0       440       165       399       243
  194         1         0       358       263       364       153
  195         1         0       359       158       371       267
  196         1         0       360       155       366       265
  197         1         0       234       157       268       368
  198         1         0       294       270       375       149
  199         1         0       295       271       377       151
  200         1         0       164       444       240       401
  201         1         0       287       119       248       394
  202         1         0       308       104       395       249
  203         1         0       463        82       459       283
  204         1         0       494       246       410       115
  205         1         0       127       292       172       330
  206         1         0       128       293       173       331
  207         1         0       328       246       424        98
  208         1         0       329       247       425       101
  209         1         0       262       365       152       523
  210         1         0       266       367       156       525
  211         1         0       250       260       442       161
  212         1         0       251       261       443       163
  213         1         0       214       488       141       494
  214         1         0       215       489       143       495
  215         1         0       217       491       144       497
  216         1         0       337       281       355        83
  217         1         0       260       250       483       121
  218         1         0       385        85       422       250
  219         1         0       387        87       423       251
  220         1         0        89       298       488       214
  221         1         0       139       490       216       300
  222         1         0       138       489       215       299
  223         1         0        92       301       491       217
  224         1         0       241       402       167       458
  225         1         0       519       161       442       252
  226         1         0       384       252       442        93
  227         1         0       520       163       443       253
  228         1         0       309       253       443        95
  229         1         0       283       254       472       122
  230         1         0       433       262       523       130
  231         1         0       370       264       524       154
  232         1         0       435       266       525       131
  233         1         0       369       269       526       159
  234         1         0       334        97       521       255
  235         1         0       335        99       522       256
  236         1         0       151       224       516       347
  237         1         0       345       255       440       110
  238         1         0       346       256       441       111
  239         1         0       251       123       477       261
  240         1         0       499       108       379       275
  241         1         0       311       259       459        82
  242         1         0       515       162       459       259
  243         1         0       310       257       454        81
  244         1         0       336        81       454       258
  245         1         0       514       160       454       257
  246         1         0       460       258       454       160
  247         1         0       374        93       442       260
  248         1         0       319        95       443       261
  249         1         0       424       197       487       315
  250         1         0       172       292       100       406
  251         1         0       173       293       102       408
  252         1         0       375       270       500       105
  253         1         0       377       271       501       107
  254         1         0       218       276       516       124
  255         1         0       305       485       181       457
  256         1         0       354       274       498       106
  257         1         0       331       499       275       128
  258         1         0        75        76       392       284
  259         1         0       328       277       444       164
  260         1         0       398       112       458       278
  261         1         0       328        98       470       277
  262         1         0       397       277       470       178
  263         1         0       329       278       458       167
  264         1         0       258       487       197       336
  265         1         0       398       278       469       179
  266         1         0       306       333       200       531
  267         1         0       223       150       383       319
  268         1         0       336       141       488       279
  269         1         0       463       143       489       280
  270         1         0       337       142       490       281
  271         1         0       464       144       491       282
  272         1         0       206       455       279       137
  273         1         0       489       138       456       280
  274         1         0       394       169       391       287
  275         1         0       431       171       510       286
  276         1         0       456        82       463       280
  277         1         0       356        84       464       282
  278         1         0       254       283       459       162
  279         1         0       345       507       419       176
  280         1         0       346       508       420       177
  281         1         0       359       130       523       289
  282         1         0       320       154       524       288
  283         1         0       360       131       525       290
  284         1         0       321       159       526       291
  285         1         0       100       504       212       372
  286         1         0       102       505       213       373
  287         1         0       117       496       247       411
  288         1         0       268       157       343       361
  289         1         0        81       455       206       310
  290         1         0        82       456       207       311
  291         1         0       109       322       202       534
  292         1         0       112       325       203       535
  293         1         0       110       536       204       323
  294         1         0       111       537       205       324
  295         1         0       193       419        86       376
  296         1         0       194       420        88       378
  297         1         0       139       504       187       355
  298         1         0       140       506       188       356
  299         1         0       142       337       418       198
  300         1         0       272       340       451       174
  301         1         0       273       341       453       175
  302         1         0       355       296       421        83
  303         1         0       356       297       414        84
  304         1         0       344       199       380       379
  305         1         0       275       379       380       492
  306         1         0       263        16        17       364
  307         1         0       262        35        36       365
  308         1         0       265       366        67        68
  309         1         0       266        73        74       367
  310         1         0       268        54        55       368
  311         1         0       269       369        48        49
  312         1         0       264       370        10        11
  313         1         0       267       371        29        30
  314         1         0       274       354       383       150
  315         1         0       392       168       446       284
  316         1         0       393       170       447       285
  317         1         0       246       328       184       410
  318         1         0       247       329       185       411
  319         1         0       219       168       392       509
  320         1         0       221       511       391       169
  321         1         0       332        80       485       305
  322         1         0       333       306       485        80
  323         1         0       285        57        58       393
  324         1         0       286       510        45        46
  325         1         0       287       391        26        27
  326         1         0       318        44        45       510
  327         1         0       219       509        77        78
  328         1         0       220       393        58        59
  329         1         0       480       289       523       152
  330         1         0       358       288       524       129
  331         1         0       481       290       525       156
  332         1         0       361       291       526       132
  333         1         0       457       126       462       305
  334         1         0       445       180       305       462
  335         1         0       359       289       480        90
  336         1         0       360       290       481        91
  337         1         0       199       415       180       445
  338         1         0       134       403       173       408
  339         1         0       272       174       404       407
  340         1         0       136       409       175       405
  341         1         0       149       222       472       312
  342         1         0       133       406       100       372
  343         1         0       430       103       407       303
  344         1         0       373       302       408       102
  345         1         0       395       104       409       304
  346         1         0       199       445        96       380
  347         1         0       223       477       123       418
  348         1         0       147       334       176       381
  349         1         0       148       335       177       382
  350         1         0       271       295       462       126
  351         1         0         9       231       532       338
  352         1         0        66       232       533       339
  353         1         0       305       180       415       332
  354         1         0       201       332       415       146
  355         1         0       258       460       121       487
  356         1         0       176       419       193       381
  357         1         0       177       420       194       382
  358         1         0       296       355       187       478
  359         1         0       297       356       188       479
  360         1         0       193       376       149       375
  361         1         0       194       378       151       377
  362         1         0       243        22        23       429
  363         1         0       242        41        42       428
  364         1         0       240       426         0         5
  365         1         0       241       427        61        62
  366         1         0       172       450       512       330
  367         1         0       173       452       513       331
  368         1         0       274       296       478       127
  369         1         0       275       297       479       128
  370         1         0       270       294       493       125
  371         1         0       461        93       374       471
  372         1         0       243       536       110       440
  373         1         0       242       537       111       441
  374         1         0       328       164       401       350
  375         1         0       327       349       400       166
  376         1         0       326       348       399       165
  377         1         0       329       167       402       351
  378         1         0       276       218       414       492
  379         1         0        94       390       192       416
  380         1         0        18        19       465       230
  381         1         0        37        38       466       229
  382         1         0         9       338       468         8
  383         1         0        66       339       467        65
  384         1         0       215       412       158       313
  385         1         0       216       413       155       314
  386         1         0       214       417       154       320
  387         1         0       493       181       485       306
  388         1         0       147       381       193       352
  389         1         0       148       382       194       353
  390         1         0       208       406       133       322
  391         1         0       210       403       134       325
  392         1         0       209       323       135       404
  393         1         0       211       324       136       405
  394         1         0        84       414       218       528
  395         1         0       493       306       531       125
  396         1         0       484       179       469       316
  397         1         0       250       161       386       385
  398         1         0       251       163       388       387
  399         1         0       120       249       395       431
  400         1         0       152       362       237       480
  401         1         0       156       363       238       481
  402         1         0       487       121       483       315
  403         1         0       251       484       316       123
  404         1         0       358       153       396       342
  405         1         0       239       343       157       503
  406         1         0        96       347       516       276
  407         1         0       145       482       186       357
  408         1         0        25       317       476        24
  409         1         0        44       318       475        43
  410         1         0        78        79       473       219
  411         1         0        59        60       474       220
  412         1         0        94       312       472       254
  413         1         0       199       344       146       415
  414         1         0       483       178       470       315
  415         1         0       223       319       261       477
  416         1         0       212       446       168       372
  417         1         0       302       373       447       170
  418         1         0       379       108       520       344
  419         1         0       201       309        95       527
  420         1         0       468       338       532       184
  421         1         0       467       339       533       185
  422         1         0       240       444       109       534
  423         1         0       219       473       426       202
  424         1         0        79         0       426       473
  425         1         0        60        61       427       474
  426         1         0       220       474       427       203
  427         1         0       318       205       428       475
  428         1         0        43       475       428        42
  429         1         0       317       204       429       476
  430         1         0        24       476       429        23
  431         1         0       466       183       529       229
  432         1         0       465       182       530       230
  433         1         0       112       535       241       458
  434         1         0       257       352       105       514
  435         1         0       259       353       107       515
  436         1         0        97       326       165       521
  437         1         0        99       327       166       522
  438         1         0       127       330       512       189
  439         1         0       499       331       513       190
  440         1         0         8       468       350         7
  441         1         0        38        39       349       466
  442         1         0        19        20       348       465
  443         1         0        65       467       351        64
  444         1         0       326       182       465       348
  445         1         0       327       183       466       349
  446         1         0       328       350       468       184
  447         1         0       329       351       467       185
  448         1         0       501       457       416       192
  449         1         0       121       460       374       260
  450         1         0       252       357       106       519
  451         1         0       451       507       345       209
  452         1         0       453       508       346       211
  453         1         0       248       430       169       394
  454         1         0       304       171       431       395
  455         1         0       460       160       471       374
  456         1         0        93       461       200       384
  457         1         0       189       386       106       498
  458         1         0       486       191       389       500
  459         1         0       107       501       192       390
  460         1         0       165       440       255       521
  461         1         0       166       441       256       522
  462         1         0       240       534       202       426
  463         1         0       241       535       203       427
  464         1         0       242       428       205       537
  465         1         0       243       429       204       536
  466         1         0       514       389       471       160
  467         1         0       493       416       457       181
  468         1         0       461       471       389       191
  469         1         0       191       486       200       461
  470         1         0       386       189       512       385
  471         1         0       388       190       513       387
  472         1         0       354       186       527       383
  473         1         0       385       512       450        85
  474         1         0       387       513       452        87
  475         1         0        76        77       509       392
  476         1         0        25        26       391       511
  477         1         0       178       483       250       422
  478         1         0       179       484       251       423
  479         1         0       451        86       419       507
  480         1         0       453        88       420       508
  481         1         0       500       389       514       105
  482         1         0       162       515       107       390
  483         1         0       161       519       106       386
  484         1         0       163       520       108       388
  485         1         0       319       383       527        95
  486         1         0       244       113       530       182
  487         1         0       245       114       529       183
  488         1         0       184       532       115       410
  489         1         0       185       533       117       411
  490         1         0       213       505       188       506
  491         1         0        84       528       196       464
  492         1         0       125       531       200       486
  493         1         0       225        70         4        71
  494         1         0       226        13         1        14
  495         1         0       227        51         3        52
  496         1         0       228        32         2        33
