    0              0.000000              0.000000
    1              2.500000              0.000000
    2              2.500000              5.000000
    3             -2.500000              5.000000
    4             -2.500000              0.000000
    5              0.250000              0.000000
    6              0.500000              0.000000
    7              0.750000              0.000000
    8              1.000000              0.000000
    9              1.250000              0.000000
   10              1.500000              0.000000
   11              1.750000              0.000000
   12              2.000000              0.000000
   13              2.250000              0.000000
   14              2.500000              0.250000
   15              2.500000              0.500000
   16              2.500000              0.750000
   17              2.500000              1.000000
   18              2.500000              1.250000
   19              2.500000              1.500000
   20              2.500000              1.750000
   21              2.500000              2.000000
   22              2.500000              2.250000
   23              2.500000              2.500000
   24              2.500000              2.750000
   25              2.500000              3.000000
   26              2.500000              3.250000
   27              2.500000              3.500000
   28              2.500000              3.750000
   29              2.500000              4.000000
   30              2.500000              4.250000
   31              2.500000              4.500000
   32              2.500000              4.750000
   33              2.250000              5.000000
   34              2.000000              5.000000
   35              1.750000              5.000000
   36              1.500000              5.000000
   37              1.250000              5.000000
   38              1.000000              5.000000
   39              0.750000              5.000000
   40              0.500000              5.000000
   41              0.250000              5.000000
   42              0.000000              5.000000
   43             -0.250000              5.000000
   44             -0.500000              5.000000
   45             -0.750000              5.000000
   46             -1.000000              5.000000
   47             -1.250000              5.000000
   48             -1.500000              5.000000
   49             -1.750000              5.000000
   50             -2.000000              5.000000
   51             -2.250000              5.000000
   52             -2.500000              4.750000
   53             -2.500000              4.500000
   54             -2.500000              4.250000
   55             -2.500000              4.000000
   56             -2.500000              3.750000
   57             -2.500000              3.500000
   58             -2.500000              3.250000
   59             -2.500000              3.000000
   60             -2.500000              2.750000
   61             -2.500000              2.500000
   62             -2.500000              2.250000
   63             -2.500000              2.000000
   64             -2.500000              1.750000
   65             -2.500000              1.500000
   66             -2.500000              1.250000
   67             -2.500000              1.000000
   68             -2.500000              0.750000
   69             -2.500000              0.500000
   70             -2.500000              0.250000
   71             -2.250000              0.000000
   72             -2.000000              0.000000
   73             -1.750000              0.000000
   74             -1.500000              0.000000
   75             -1.250000              0.000000
   76             -1.000000              0.000000
   77             -0.750000              0.000000
   78             -0.500000              0.000000
   79             -0.250000              0.000000
   80              0.002454              2.505008
   81              1.110394              1.478424
   82              1.019630              3.610792
   83             -1.021191              1.533286
   84             -1.005169              3.562936
   85              0.001871              1.084664
   86              1.323873              2.512730
   87             -1.406010              2.504674
   88             -0.007586              3.835013
   89              1.635493              0.863337
   90              1.725699              4.166174
   91             -1.717043              0.839445
   92             -1.616963              4.160619
   93              0.312137              1.809496
   94              0.751253              2.848536
   95             -0.669001              2.176621
   96             -0.333800              3.242434
   97              1.808667              1.770970
   98              0.693903              0.767778
   99              0.721071              4.308635
  100             -0.698605              0.815506
  101             -1.730461              1.805516
  102             -1.703299              3.185066
  103              1.741414              3.201619
  104             -0.671614              4.182860
  105              0.927998              2.090925
  106             -0.247961              1.660751
  107              0.421103              3.389780
  108             -0.931725              2.773912
  109              0.157278              0.529984
  110              1.920997              2.335048
  111              0.162212              4.428006
  112             -1.972251              2.342646
  113              1.916996              1.303701
  114              1.166602              4.380407
  115              1.163657              0.546044
  116             -1.301421              0.510941
  117             -1.968227              1.333566
  118             -1.950335              3.649553
  119              1.933035              3.657773
  120             -1.159833              4.441888
  121              0.516768              1.347398
  122              1.213695              3.045833
  123             -1.227162              1.986775
  124             -0.519348              3.721470
  125              0.511191              2.340859
  126              0.125452              3.053394
  127             -0.514645              1.249890
  128             -1.267682              3.087211
  129              2.007858              0.483995
  130              2.008278              4.527754
  131             -2.000989              0.478315
  132             -2.007621              4.529077
  133             -0.432396              0.545126
  134             -1.927315              2.804804
  135              1.979897              2.802009
  136             -0.273157              4.464597
  137              1.476385              1.297523
  138              1.302855              3.943239
  139             -1.227733              1.029213
  140             -1.465108              3.701417
  141              1.069839              1.005127
  142             -1.495430              1.485996
  143              1.396942              3.559777
  144             -1.092820              3.960945
  145             -0.060040              2.046069
  146             -0.479362              2.547317
  147              1.307038              1.896043
  148              0.603957              3.807038
  149              0.976736              2.511713
  150             -0.730892              1.754814
  151             -0.021118              3.472775
  152              1.586209              4.540623
  153              2.087428              0.920485
  154              1.568726              0.458576
  155             -1.999279              0.947729
  156             -1.600677              0.471112
  157             -2.030895              3.991859
  158              2.004546              4.054912
  159             -1.636539              4.565015
  160              0.755305              1.708855
  161              0.043565              1.515472
  162              0.765020              3.221233
  163             -0.978006              2.444894
  164              0.519444              0.396325
  165              2.047925              1.957535
  166              0.542487              4.547849
  167             -2.102417              1.979605
  168             -0.792966              0.382808
  169              2.114636              3.277427
  170             -2.123593              3.318596
  171             -0.763845              4.622958
  172             -0.380276              0.942254
  173             -1.569838              2.873742
  174              1.613767              2.815583
  175             -0.346496              4.165735
  176              1.510621              2.148011
  177              0.351663              4.013465
  178              0.334114              0.924352
  179             -1.582615              2.173011
  180             -0.228067              2.846740
  181              0.300630              2.702512
  182              2.133228              1.580341
  183              0.911700              4.654995
  184              0.924833              0.395884
  185             -2.101693              1.572503
  186             -0.348301              1.969163
  187             -0.839104              1.108139
  188             -1.431641              3.362428
  189             -0.308901              1.356088
  190             -1.151401              2.736419
  191              0.534359              2.037375
  192              0.504214              3.014770
  193              1.204470              2.221762
  194              0.279963              3.705977
  195              1.339598              3.331015
  196             -0.911649              3.801732
  197              0.836090              1.136772
  198             -1.384849              1.714142
  199             -0.476808              2.904833
  200              0.254667              2.130675
  201             -0.306869              2.323027
  202             -0.097699              0.350951
  203             -2.147331              2.598590
  204              2.160811              2.559215
  205             -0.050167              4.663034
  206              1.461567              1.549017
  207              0.944236              4.010058
  208             -0.033959              0.799543
  209              1.740569              2.547742
  210             -1.699695              2.503516
  211             -0.036282              4.246990
  212             -1.012034              0.698196
  213             -1.751971              3.471115
  214              1.404838              0.765271
  215              1.699377              3.855235
  216             -1.692500              1.156018
  217             -1.357997              4.231417
  218             -0.678577              3.569111
  219             -0.455976              0.267443
  220             -2.205384              2.917510
  221              2.157143              3.066109
  222              1.196341              2.680574
  223             -0.968640              1.794625
  224             -0.192095              3.702529
  225             -2.253183              0.242653
  226              2.269425              0.230079
  227             -2.267205              4.771457
  228              2.269324              4.770008
  229              1.235717              4.732808
  230              2.249424              1.253349
  231              1.328282              0.275659
  232             -2.226384              1.170305
  233              2.242994              3.811697
  234             -2.209552              3.827935
  235             -1.301173              4.683525
  236              1.740980              1.164261
  237              1.438605              4.249943
  238             -1.415308              0.754813
  239             -1.656271              3.869795
  240              0.249697              0.247494
  241             -2.251401              2.249943
  242              0.258439              4.742804
  243              2.242807              2.241561
  244              1.776272              1.498119
  245              0.953431              4.308647
  246              0.931387              0.695442
  247             -1.826684              1.567782
  248              1.824139              3.441406
  249             -0.976815              4.277028
  250              0.198204              1.280450
  251             -1.216556              2.254504
  252              0.012067              1.784674
  253             -0.665040              2.437493
  254              0.929511              3.035290
  255              1.783573              2.067883
  256              0.430322              4.283436
  257              1.044330              1.784502
  258              0.797674              1.398473
  259              0.714823              3.540224
  260              0.345264              1.486612
  261             -0.974872              2.118552
  262              1.789786              4.783833
  263              2.260997              0.720342
  264              1.785171              0.219420
  265             -2.253490              0.721469
  266             -1.778538              0.225845
  267              2.257312              4.281135
  268             -2.206168              4.212407
  269             -1.786734              4.780737
  270              0.722048              2.348295
  271              0.148213              3.221067
  272              1.524926              3.041132
  273             -0.527164              4.017752
  274             -0.575216              1.546775
  275             -1.000177              3.099468
  276             -0.515262              3.433300
  277              0.452549              0.646935
  278             -1.853785              2.049101
  279              1.267994              1.254771
  280              1.237328              3.701531
  281             -1.229348              1.329453
  282             -1.189576              3.719054
  283              1.117185              3.267042
  284             -1.187314              0.220272
  285             -2.269301              3.533437
  286             -1.006126              4.757029
  287              2.213026              3.560429
  288              1.739006              0.674695
  289              1.785538              4.387261
  290             -1.772884              0.612220
  291             -1.732200              4.344848
  292             -0.607051              1.016721
  293             -1.496411              3.121612
  294              0.721115              2.583339
  295             -0.080929              3.225143
  296             -0.795179              1.399293
  297             -1.101595              3.317332
  298              1.537596              1.089230
  299              1.537350              4.052598
  300             -1.504938              0.959193
  301             -1.551540              3.983747
  302             -2.001009              3.139321
  303              1.956536              3.038216
  304             -0.586720              4.520178
  305             -0.009665              2.795517
  306              0.241579              2.447560
  307              1.541511              3.347031
  308             -0.864633              4.010106
  309             -0.554275              2.309332
  310              1.232944              1.652822
  311              0.828651              3.740786
  312              0.939659              2.747887
  313              1.811483              4.027197
  314             -1.805805              0.977901
  315              0.606745              1.031714
  316             -1.450621              1.899499
  317              2.233039              2.816847
  318             -0.321184              4.740961
  319             -0.813553              1.991790
  320              1.570857              0.632847
  321             -1.537016              4.422118
  322             -0.083474              0.548535
  323              1.953529              2.559516
  324             -0.052387              4.456720
  325             -1.945818              2.562957
  326              2.061288              1.767958
  327              0.729760              4.563109
  328              0.733364              0.530288
  329             -1.971144              1.765523
  330             -0.345639              1.111023
  331             -1.314001              2.883925
  332             -0.196643              2.596667
  333              0.032900              2.283120
  334              1.556735              1.891657
  335              0.606575              4.063132
  336              1.016398              1.254713
  337             -1.250233              1.527224
  338              1.092175              0.176781
  339             -2.310474              1.415799
  340              1.364437              2.866164
  341             -0.359187              3.866476
  342              1.843479              0.961642
  343             -1.819866              4.082405
  344             -0.640153              2.748748
  345              1.700911              2.299516
  346              0.201844              4.204133
  347             -0.235970              3.448433
  348              2.292499              1.778805
  349              0.721000              4.792301
  350              0.706322              0.221619
  351             -2.270946              1.782168
  352              1.121856              2.001596
  353              0.500666              3.615440
  354             -0.456603              1.784565
  355             -1.013475              1.247449
  356             -1.274545              3.494816
  357             -0.178005              1.865991
  358              1.972971              0.746688
  359              1.948111              4.265585
  360             -1.944055              0.738490
  361             -1.946282              4.297453
  362              1.371117              4.472041
  363             -1.415668              0.576347
  364              2.293325              0.916680
  365              1.529723              4.766278
  366             -2.257434              0.948073
  367             -1.490308              0.277213
  368             -2.307740              4.018634
  369             -1.546032              4.760700
  370              1.549860              0.235937
  371              2.262254              4.051700
  372             -0.765679              0.614183
  373             -1.876982              3.320858
  374              0.470888              1.661615
  375              0.971245              2.292709
  376              1.183301              2.416156
  377              0.207647              3.467424
  378              0.088094              3.694478
  379             -0.789447              2.933654
  380             -0.585645              3.105974
  381              1.346011              2.087862
  382              0.412840              3.845989
  383             -0.616518              1.928010
  384              0.129708              1.942729
  385             -0.030536              1.258496
  386             -0.146193              1.464764
  387             -1.244177              2.519598
  388             -1.052643              2.624495
  389              0.746383              1.956214
  390              0.638252              3.079556
  391              2.300426              3.320943
  392             -0.883489              0.193174
  393             -2.296796              3.313005
  394              2.050600              3.426421
  395             -0.807695              4.381788
  396              2.005160              1.099902
  397              0.227495              0.725203
  398             -1.777086              2.267069
  399              2.285288              2.001575
  400              0.498430              4.785272
  401              0.494549              0.215997
  402             -2.282208              2.002635
  403             -1.737067              2.727776
  404              1.771101              2.796210
  405             -0.224451              4.297496
  406             -0.412929              0.749055
  407              1.748494              3.019294
  408             -1.799061              2.998738
  409             -0.476713              4.324350
  410              1.008285              0.546995
  411             -1.965488              1.490876
  412              1.986603              3.863446
  413             -1.981784              1.136149
  414             -0.874113              3.428129
  415             -0.345421              2.723760
  416              0.505022              2.838856
  417              1.373468              0.510720
  418             -1.207721              1.755691
  419              1.395427              2.312319
  420              0.189125              3.898626
  421             -0.849087              1.562464
  422              0.174173              1.004286
  423             -1.477129              2.356347
  424              0.827956              0.927220
  425             -1.618611              1.675407
  426              0.032059              0.185748
  427             -2.313408              2.469300
  428              0.009491              4.814065
  429              2.313151              2.497125
  430              1.906972              3.259818
  431             -0.943670              4.552949
  432              2.271994              0.479615
  433              2.023468              4.786437
  434             -2.251231              0.488221
  435             -2.010815              0.232834
  436             -2.245249              4.503235
  437              2.021861              0.218855
  438             -2.021834              4.782750
  439              2.271839              4.522421
  440              2.002547              2.151179
  441              0.348209              4.503582
  442              0.186778              1.653051
  443             -0.828668              2.295240
  444              0.343403              0.460010
  445             -0.280944              2.997330
  446             -1.049634              0.455881
  447             -2.055053              3.455611
  448              1.659840              1.313844
  449              1.213582              4.144828
  450             -0.138023              0.991210
  451              1.518268              2.648415
  452             -1.497221              2.640956
  453             -0.129649              4.032597
  454              0.917088              1.590927
  455              1.279522              1.424640
  456              1.111018              3.813319
  457              0.302690              2.905229
  458             -2.038954              2.157438
  459              0.906788              3.407172
  460              0.633091              1.529183
  461              0.420208              1.950554
  462             -0.078599              2.991371
  463              1.197739              3.527640
  464             -1.045572              3.753987
  465              2.309658              1.557072
  466              0.918691              4.821754
  467             -2.311397              1.586416
  468              0.902097              0.176773
  469             -1.655365              1.985268
  470              0.520159              0.842492
  471              0.595273              1.820643
  472              1.089382              2.869663
  473             -0.143003              0.142772
  474             -2.351205              2.666132
  475             -0.187231              4.851675
  476              2.348984              2.687724
  477             -1.056891              1.966650
  478             -0.744425              1.237501
  479             -1.260222              3.247423
  480              1.634013              4.336000
  481             -1.626258              0.669565
  482             -0.226461              2.093223
  483              0.413958              1.145978
  484             -1.416597              2.109005
  485              0.137268              2.615417
  486              0.500181              2.164022
  487              0.680159              1.226242
  488              1.320067              1.028600
  489              1.409126              3.764946
  490             -1.420249              1.213402
  491             -1.325843              3.921496
  492             -0.741510              3.268915
  493              0.461933              2.586890
  494              1.142484              0.771188
  495              1.645175              3.612660
  496             -1.753181              1.372027
  497             -1.137191              4.157423
  498             -0.377359              1.521205
  499             -1.106286              2.888800
  500              0.706663              2.145274
  501              0.343850              3.133642
  502             -1.230109              0.755040
  503             -1.794565              3.750323
  504             -0.944369              0.912763
  505             -1.628970              3.339536
  506             -1.589359              3.546921
  507              1.548793              2.398897
  508              0.101303              4.048769
  509             -0.696488              0.153539
  510             -0.715575              4.781441
  511              2.319189              3.129017
  512             -0.184229              1.169679
  513             -1.301700              2.695225
  514              0.897598              1.896565
  515              0.616376              3.397142
  516             -0.356993              3.611152
  517              1.349606              3.146945
  518             -0.680567              3.846686
  519             -0.067017              1.656753
  520             -0.809635              2.604055
  521              1.878326              1.932067
  522              0.565931              4.377087
  523              1.792567              4.559976
  524              1.777755              0.457086
  525             -1.792252              0.443998
  526             -1.798618              4.550641
  527             -0.477482              2.110734
  528             -0.818990              3.695116
  529              1.104181              4.601193
  530              2.099883              1.379131
  531              0.331912              2.307396
  532              1.127878              0.349097
  533             -2.151817              1.372488
  534              0.117985              0.375559
  535             -2.122112              2.382436
  536              2.110762              2.379114
  537              0.120726              4.612886
