0 9 0 0 4 219 43 981 239
1 9 0 219 4 240 981 982 983
2 9 0 219 240 218 983 984 238
3 9 0 218 240 241 984 985 986
4 9 0 218 241 217 986 987 237
5 9 0 217 241 242 987 988 989
6 9 0 217 242 216 989 990 236
7 9 0 216 242 243 990 991 992
8 9 0 216 243 215 992 993 235
9 9 0 215 243 244 993 994 995
10 9 0 215 244 214 995 996 234
11 9 0 214 244 245 996 997 998
12 9 0 214 245 213 998 999 233
13 9 0 213 245 246 999 1000 1001
14 9 0 213 246 212 1001 1002 232
15 9 0 212 246 247 1002 1003 1004
16 9 0 212 247 211 1004 1005 231
17 9 0 211 247 248 1005 1006 1007
18 9 0 211 248 210 1007 1008 230
19 9 0 210 248 249 1008 1009 1010
20 9 0 210 249 209 1010 1011 229
21 9 0 209 249 250 1011 1012 1013
22 9 0 209 250 208 1013 1014 228
23 9 0 208 250 251 1014 1015 1016
24 9 0 208 251 207 1016 1017 227
25 9 0 207 251 252 1017 1018 1019
26 9 0 207 252 206 1019 1020 226
27 9 0 206 252 253 1020 1021 1022
28 9 0 206 253 205 1022 1023 225
29 9 0 205 253 254 1023 1024 1025
30 9 0 205 254 204 1025 1026 224
31 9 0 204 254 255 1026 1027 1028
32 9 0 204 255 203 1028 1029 223
33 9 0 203 255 256 1029 1030 1031
34 9 0 203 256 202 1031 1032 222
35 9 0 202 256 257 1032 1033 1034
36 9 0 202 257 201 1034 1035 221
37 9 0 201 257 258 1035 1036 1037
38 9 0 201 258 3 1037 1038 220
39 9 0 3 258 160 1038 1039 200
40 9 0 4 5 240 44 1040 982
41 9 0 240 5 259 1040 1041 1042
42 9 0 240 259 241 1042 1043 985
43 9 0 241 259 260 1043 1044 1045
44 9 0 241 260 242 1045 1046 988
45 9 0 242 260 261 1046 1047 1048
46 9 0 242 261 243 1048 1049 991
47 9 0 243 261 262 1049 1050 1051
48 9 0 243 262 244 1051 1052 994
49 9 0 244 262 263 1052 1053 1054
50 9 0 244 263 245 1054 1055 997
51 9 0 245 263 264 1055 1056 1057
52 9 0 245 264 246 1057 1058 1000
53 9 0 246 264 265 1058 1059 1060
54 9 0 246 265 247 1060 1061 1003
55 9 0 247 265 266 1061 1062 1063
56 9 0 247 266 248 1063 1064 1006
57 9 0 248 266 267 1064 1065 1066
58 9 0 248 267 249 1066 1067 1009
59 9 0 249 267 268 1067 1068 1069
60 9 0 249 268 250 1069 1070 1012
61 9 0 250 268 269 1070 1071 1072
62 9 0 250 269 251 1072 1073 1015
63 9 0 251 269 270 1073 1074 1075
64 9 0 251 270 252 1075 1076 1018
65 9 0 252 270 271 1076 1077 1078
66 9 0 252 271 253 1078 1079 1021
67 9 0 253 271 272 1079 1080 1081
68 9 0 253 272 254 1081 1082 1024
69 9 0 254 272 273 1082 1083 1084
70 9 0 254 273 255 1084 1085 1027
71 9 0 255 273 274 1085 1086 1087
72 9 0 255 274 256 1087 1088 1030
73 9 0 256 274 275 1088 1089 1090
74 9 0 256 275 257 1090 1091 1033
75 9 0 257 275 276 1091 1092 1093
76 9 0 257 276 258 1093 1094 1036
77 9 0 258 276 277 1094 1095 1096
78 9 0 258 277 160 1096 1097 1039
79 9 0 160 277 159 1097 1098 199
80 9 0 5 6 259 45 1099 1041
81 9 0 259 6 278 1099 1100 1101
82 9 0 259 278 260 1101 1102 1044
83 9 0 260 278 279 1102 1103 1104
84 9 0 260 279 261 1104 1105 1047
85 9 0 261 279 280 1105 1106 1107
86 9 0 261 280 262 1107 1108 1050
87 9 0 262 280 281 1108 1109 1110
88 9 0 262 281 263 1110 1111 1053
89 9 0 263 281 282 1111 1112 1113
90 9 0 263 282 264 1113 1114 1056
91 9 0 264 282 283 1114 1115 1116
92 9 0 264 283 265 1116 1117 1059
93 9 0 265 283 284 1117 1118 1119
94 9 0 265 284 266 1119 1120 1062
95 9 0 266 284 285 1120 1121 1122
96 9 0 266 285 267 1122 1123 1065
97 9 0 267 285 286 1123 1124 1125
98 9 0 267 286 268 1125 1126 1068
99 9 0 268 286 287 1126 1127 1128
100 9 0 268 287 269 1128 1129 1071
101 9 0 269 287 288 1129 1130 1131
102 9 0 269 288 270 1131 1132 1074
103 9 0 270 288 289 1132 1133 1134
104 9 0 270 289 271 1134 1135 1077
105 9 0 271 289 290 1135 1136 1137
106 9 0 271 290 272 1137 1138 1080
107 9 0 272 290 291 1138 1139 1140
108 9 0 272 291 273 1140 1141 1083
109 9 0 273 291 292 1141 1142 1143
110 9 0 273 292 274 1143 1144 1086
111 9 0 274 292 293 1144 1145 1146
112 9 0 274 293 275 1146 1147 1089
113 9 0 275 293 294 1147 1148 1149
114 9 0 275 294 276 1149 1150 1092
115 9 0 276 294 295 1150 1151 1152
116 9 0 276 295 277 1152 1153 1095
117 9 0 277 295 296 1153 1154 1155
118 9 0 277 296 159 1155 1156 1098
119 9 0 159 296 158 1156 1157 198
120 9 0 6 7 278 46 1158 1100
121 9 0 278 7 297 1158 1159 1160
122 9 0 278 297 279 1160 1161 1103
123 9 0 279 297 298 1161 1162 1163
124 9 0 279 298 280 1163 1164 1106
125 9 0 280 298 299 1164 1165 1166
126 9 0 280 299 281 1166 1167 1109
127 9 0 281 299 300 1167 1168 1169
128 9 0 281 300 282 1169 1170 1112
129 9 0 282 300 301 1170 1171 1172
130 9 0 282 301 283 1172 1173 1115
131 9 0 283 301 302 1173 1174 1175
132 9 0 283 302 284 1175 1176 1118
133 9 0 284 302 303 1176 1177 1178
134 9 0 284 303 285 1178 1179 1121
135 9 0 285 303 304 1179 1180 1181
136 9 0 285 304 286 1181 1182 1124
137 9 0 286 304 305 1182 1183 1184
138 9 0 286 305 287 1184 1185 1127
139 9 0 287 305 306 1185 1186 1187
140 9 0 287 306 288 1187 1188 1130
141 9 0 288 306 307 1188 1189 1190
142 9 0 288 307 289 1190 1191 1133
143 9 0 289 307 308 1191 1192 1193
144 9 0 289 308 290 1193 1194 1136
145 9 0 290 308 309 1194 1195 1196
146 9 0 290 309 291 1196 1197 1139
147 9 0 291 309 310 1197 1198 1199
148 9 0 291 310 292 1199 1200 1142
149 9 0 292 310 311 1200 1201 1202
150 9 0 292 311 293 1202 1203 1145
151 9 0 293 311 312 1203 1204 1205
152 9 0 293 312 294 1205 1206 1148
153 9 0 294 312 313 1206 1207 1208
154 9 0 294 313 295 1208 1209 1151
155 9 0 295 313 314 1209 1210 1211
156 9 0 295 314 296 1211 1212 1154
157 9 0 296 314 315 1212 1213 1214
158 9 0 296 315 158 1214 1215 1157
159 9 0 158 315 157 1215 1216 197
160 9 0 7 8 297 47 1217 1159
161 9 0 297 8 316 1217 1218 1219
162 9 0 297 316 298 1219 1220 1162
163 9 0 298 316 317 1220 1221 1222
164 9 0 298 317 299 1222 1223 1165
165 9 0 299 317 318 1223 1224 1225
166 9 0 299 318 300 1225 1226 1168
167 9 0 300 318 319 1226 1227 1228
168 9 0 300 319 301 1228 1229 1171
169 9 0 301 319 320 1229 1230 1231
170 9 0 301 320 302 1231 1232 1174
171 9 0 302 320 321 1232 1233 1234
172 9 0 302 321 303 1234 1235 1177
173 9 0 303 321 322 1235 1236 1237
174 9 0 303 322 304 1237 1238 1180
175 9 0 304 322 323 1238 1239 1240
176 9 0 304 323 305 1240 1241 1183
177 9 0 305 323 324 1241 1242 1243
178 9 0 305 324 306 1243 1244 1186
179 9 0 306 324 325 1244 1245 1246
180 9 0 306 325 307 1246 1247 1189
181 9 0 307 325 326 1247 1248 1249
182 9 0 307 326 308 1249 1250 1192
183 9 0 308 326 327 1250 1251 1252
184 9 0 308 327 309 1252 1253 1195
185 9 0 309 327 328 1253 1254 1255
186 9 0 309 328 310 1255 1256 1198
187 9 0 310 328 329 1256 1257 1258
188 9 0 310 329 311 1258 1259 1201
189 9 0 311 329 330 1259 1260 1261
190 9 0 311 330 312 1261 1262 1204
191 9 0 312 330 331 1262 1263 1264
192 9 0 312 331 313 1264 1265 1207
193 9 0 313 331 332 1265 1266 1267
194 9 0 313 332 314 1267 1268 1210
195 9 0 314 332 333 1268 1269 1270
196 9 0 314 333 315 1270 1271 1213
197 9 0 315 333 334 1271 1272 1273
198 9 0 315 334 157 1273 1274 1216
199 9 0 157 334 156 1274 1275 196
200 9 0 8 9 316 48 1276 1218
201 9 0 316 9 335 1276 1277 1278
202 9 0 316 335 317 1278 1279 1221
203 9 0 317 335 336 1279 1280 1281
204 9 0 317 336 318 1281 1282 1224
205 9 0 318 336 337 1282 1283 1284
206 9 0 318 337 319 1284 1285 1227
207 9 0 319 337 338 1285 1286 1287
208 9 0 319 338 320 1287 1288 1230
209 9 0 320 338 339 1288 1289 1290
210 9 0 320 339 321 1290 1291 1233
211 9 0 321 339 340 1291 1292 1293
212 9 0 321 340 322 1293 1294 1236
213 9 0 322 340 341 1294 1295 1296
214 9 0 322 341 323 1296 1297 1239
215 9 0 323 341 342 1297 1298 1299
216 9 0 323 342 324 1299 1300 1242
217 9 0 324 342 343 1300 1301 1302
218 9 0 324 343 325 1302 1303 1245
219 9 0 325 343 344 1303 1304 1305
220 9 0 325 344 326 1305 1306 1248
221 9 0 326 344 345 1306 1307 1308
222 9 0 326 345 327 1308 1309 1251
223 9 0 327 345 346 1309 1310 1311
224 9 0 327 346 328 1311 1312 1254
225 9 0 328 346 347 1312 1313 1314
226 9 0 328 347 329 1314 1315 1257
227 9 0 329 347 348 1315 1316 1317
228 9 0 329 348 330 1317 1318 1260
229 9 0 330 348 349 1318 1319 1320
230 9 0 330 349 331 1320 1321 1263
231 9 0 331 349 350 1321 1322 1323
232 9 0 331 350 332 1323 1324 1266
233 9 0 332 350 351 1324 1325 1326
234 9 0 332 351 333 1326 1327 1269
235 9 0 333 351 352 1327 1328 1329
236 9 0 333 352 334 1329 1330 1272
237 9 0 334 352 353 1330 1331 1332
238 9 0 334 353 156 1332 1333 1275
239 9 0 156 353 155 1333 1334 195
240 9 0 9 10 335 49 1335 1277
241 9 0 335 10 354 1335 1336 1337
242 9 0 335 354 336 1337 1338 1280
243 9 0 336 354 355 1338 1339 1340
244 9 0 336 355 337 1340 1341 1283
245 9 0 337 355 356 1341 1342 1343
246 9 0 337 356 338 1343 1344 1286
247 9 0 338 356 357 1344 1345 1346
248 9 0 338 357 339 1346 1347 1289
249 9 0 339 357 358 1347 1348 1349
250 9 0 339 358 340 1349 1350 1292
251 9 0 340 358 359 1350 1351 1352
252 9 0 340 359 341 1352 1353 1295
253 9 0 341 359 360 1353 1354 1355
254 9 0 341 360 342 1355 1356 1298
255 9 0 342 360 361 1356 1357 1358
256 9 0 342 361 343 1358 1359 1301
257 9 0 343 361 362 1359 1360 1361
258 9 0 343 362 344 1361 1362 1304
259 9 0 344 362 363 1362 1363 1364
260 9 0 344 363 345 1364 1365 1307
261 9 0 345 363 364 1365 1366 1367
262 9 0 345 364 346 1367 1368 1310
263 9 0 346 364 365 1368 1369 1370
264 9 0 346 365 347 1370 1371 1313
265 9 0 347 365 366 1371 1372 1373
266 9 0 347 366 348 1373 1374 1316
267 9 0 348 366 367 1374 1375 1376
268 9 0 348 367 349 1376 1377 1319
269 9 0 349 367 368 1377 1378 1379
270 9 0 349 368 350 1379 1380 1322
271 9 0 350 368 369 1380 1381 1382
272 9 0 350 369 351 1382 1383 1325
273 9 0 351 369 370 1383 1384 1385
274 9 0 351 370 352 1385 1386 1328
275 9 0 352 370 371 1386 1387 1388
276 9 0 352 371 353 1388 1389 1331
277 9 0 353 371 372 1389 1390 1391
278 9 0 353 372 155 1391 1392 1334
279 9 0 155 372 154 1392 1393 194
280 9 0 10 11 354 50 1394 1336
281 9 0 354 11 373 1394 1395 1396
282 9 0 354 373 355 1396 1397 1339
283 9 0 355 373 374 1397 1398 1399
284 9 0 355 374 356 1399 1400 1342
285 9 0 356 374 375 1400 1401 1402
286 9 0 356 375 357 1402 1403 1345
287 9 0 357 375 376 1403 1404 1405
288 9 0 357 376 358 1405 1406 1348
289 9 0 358 376 377 1406 1407 1408
290 9 0 358 377 359 1408 1409 1351
291 9 0 359 377 378 1409 1410 1411
292 9 0 359 378 360 1411 1412 1354
293 9 0 360 378 379 1412 1413 1414
294 9 0 360 379 361 1414 1415 1357
295 9 0 361 379 380 1415 1416 1417
296 9 0 361 380 362 1417 1418 1360
297 9 0 362 380 381 1418 1419 1420
298 9 0 362 381 363 1420 1421 1363
299 9 0 363 381 382 1421 1422 1423
300 9 0 363 382 364 1423 1424 1366
301 9 0 364 382 383 1424 1425 1426
302 9 0 364 383 365 1426 1427 1369
303 9 0 365 383 384 1427 1428 1429
304 9 0 365 384 366 1429 1430 1372
305 9 0 366 384 385 1430 1431 1432
306 9 0 366 385 367 1432 1433 1375
307 9 0 367 385 386 1433 1434 1435
308 9 0 367 386 368 1435 1436 1378
309 9 0 368 386 387 1436 1437 1438
310 9 0 368 387 369 1438 1439 1381
311 9 0 369 387 388 1439 1440 1441
312 9 0 369 388 370 1441 1442 1384
313 9 0 370 388 389 1442 1443 1444
314 9 0 370 389 371 1444 1445 1387
315 9 0 371 389 390 1445 1446 1447
316 9 0 371 390 372 1447 1448 1390
317 9 0 372 390 391 1448 1449 1450
318 9 0 372 391 154 1450 1451 1393
319 9 0 154 391 153 1451 1452 193
320 9 0 11 12 373 51 1453 1395
321 9 0 373 12 392 1453 1454 1455
322 9 0 373 392 374 1455 1456 1398
323 9 0 374 392 393 1456 1457 1458
324 9 0 374 393 375 1458 1459 1401
325 9 0 375 393 394 1459 1460 1461
326 9 0 375 394 376 1461 1462 1404
327 9 0 376 394 395 1462 1463 1464
328 9 0 376 395 377 1464 1465 1407
329 9 0 377 395 396 1465 1466 1467
330 9 0 377 396 378 1467 1468 1410
331 9 0 378 396 397 1468 1469 1470
332 9 0 378 397 379 1470 1471 1413
333 9 0 379 397 398 1471 1472 1473
334 9 0 379 398 380 1473 1474 1416
335 9 0 380 398 399 1474 1475 1476
336 9 0 380 399 381 1476 1477 1419
337 9 0 381 399 400 1477 1478 1479
338 9 0 381 400 382 1479 1480 1422
339 9 0 382 400 401 1480 1481 1482
340 9 0 382 401 383 1482 1483 1425
341 9 0 383 401 402 1483 1484 1485
342 9 0 383 402 384 1485 1486 1428
343 9 0 384 402 403 1486 1487 1488
344 9 0 384 403 385 1488 1489 1431
345 9 0 385 403 404 1489 1490 1491
346 9 0 385 404 386 1491 1492 1434
347 9 0 386 404 405 1492 1493 1494
348 9 0 386 405 387 1494 1495 1437
349 9 0 387 405 406 1495 1496 1497
350 9 0 387 406 388 1497 1498 1440
351 9 0 388 406 407 1498 1499 1500
352 9 0 388 407 389 1500 1501 1443
353 9 0 389 407 408 1501 1502 1503
354 9 0 389 408 390 1503 1504 1446
355 9 0 390 408 409 1504 1505 1506
356 9 0 390 409 391 1506 1507 1449
357 9 0 391 409 410 1507 1508 1509
358 9 0 391 410 153 1509 1510 1452
359 9 0 153 410 152 1510 1511 192
360 9 0 12 13 392 52 1512 1454
361 9 0 392 13 411 1512 1513 1514
362 9 0 392 411 393 1514 1515 1457
363 9 0 393 411 412 1515 1516 1517
364 9 0 393 412 394 1517 1518 1460
365 9 0 394 412 413 1518 1519 1520
366 9 0 394 413 395 1520 1521 1463
367 9 0 395 413 414 1521 1522 1523
368 9 0 395 414 396 1523 1524 1466
369 9 0 396 414 415 1524 1525 1526
370 9 0 396 415 397 1526 1527 1469
371 9 0 397 415 416 1527 1528 1529
372 9 0 397 416 398 1529 1530 1472
373 9 0 398 416 417 1530 1531 1532
374 9 0 398 417 399 1532 1533 1475
375 9 0 399 417 418 1533 1534 1535
376 9 0 399 418 400 1535 1536 1478
377 9 0 400 418 419 1536 1537 1538
378 9 0 400 419 401 1538 1539 1481
379 9 0 401 419 420 1539 1540 1541
380 9 0 401 420 402 1541 1542 1484
381 9 0 402 420 421 1542 1543 1544
382 9 0 402 421 403 1544 1545 1487
383 9 0 403 421 422 1545 1546 1547
384 9 0 403 422 404 1547 1548 1490
385 9 0 404 422 423 1548 1549 1550
386 9 0 404 423 405 1550 1551 1493
387 9 0 405 423 424 1551 1552 1553
388 9 0 405 424 406 1553 1554 1496
389 9 0 406 424 425 1554 1555 1556
390 9 0 406 425 407 1556 1557 1499
391 9 0 407 425 426 1557 1558 1559
392 9 0 407 426 408 1559 1560 1502
393 9 0 408 426 427 1560 1561 1562
394 9 0 408 427 409 1562 1563 1505
395 9 0 409 427 428 1563 1564 1565
396 9 0 409 428 410 1565 1566 1508
397 9 0 410 428 429 1566 1567 1568
398 9 0 410 429 152 1568 1569 1511
399 9 0 152 429 151 1569 1570 191
400 9 0 13 14 411 53 1571 1513
401 9 0 411 14 430 1571 1572 1573
402 9 0 411 430 412 1573 1574 1516
403 9 0 412 430 431 1574 1575 1576
404 9 0 412 431 413 1576 1577 1519
405 9 0 413 431 432 1577 1578 1579
406 9 0 413 432 414 1579 1580 1522
407 9 0 414 432 433 1580 1581 1582
408 9 0 414 433 415 1582 1583 1525
409 9 0 415 433 434 1583 1584 1585
410 9 0 415 434 416 1585 1586 1528
411 9 0 416 434 435 1586 1587 1588
412 9 0 416 435 417 1588 1589 1531
413 9 0 417 435 436 1589 1590 1591
414 9 0 417 436 418 1591 1592 1534
415 9 0 418 436 437 1592 1593 1594
416 9 0 418 437 419 1594 1595 1537
417 9 0 419 437 438 1595 1596 1597
418 9 0 419 438 420 1597 1598 1540
419 9 0 420 438 439 1598 1599 1600
420 9 0 420 439 421 1600 1601 1543
421 9 0 421 439 440 1601 1602 1603
422 9 0 421 440 422 1603 1604 1546
423 9 0 422 440 441 1604 1605 1606
424 9 0 422 441 423 1606 1607 1549
425 9 0 423 441 442 1607 1608 1609
426 9 0 423 442 424 1609 1610 1552
427 9 0 424 442 443 1610 1611 1612
428 9 0 424 443 425 1612 1613 1555
429 9 0 425 443 444 1613 1614 1615
430 9 0 425 444 426 1615 1616 1558
431 9 0 426 444 445 1616 1617 1618
432 9 0 426 445 427 1618 1619 1561
433 9 0 427 445 446 1619 1620 1621
434 9 0 427 446 428 1621 1622 1564
435 9 0 428 446 447 1622 1623 1624
436 9 0 428 447 429 1624 1625 1567
437 9 0 429 447 448 1625 1626 1627
438 9 0 429 448 151 1627 1628 1570
439 9 0 151 448 150 1628 1629 190
440 9 0 14 15 430 54 1630 1572
441 9 0 430 15 449 1630 1631 1632
442 9 0 430 449 431 1632 1633 1575
443 9 0 431 449 450 1633 1634 1635
444 9 0 431 450 432 1635 1636 1578
445 9 0 432 450 451 1636 1637 1638
446 9 0 432 451 433 1638 1639 1581
447 9 0 433 451 452 1639 1640 1641
448 9 0 433 452 434 1641 1642 1584
449 9 0 434 452 453 1642 1643 1644
450 9 0 434 453 435 1644 1645 1587
451 9 0 435 453 454 1645 1646 1647
452 9 0 435 454 436 1647 1648 1590
453 9 0 436 454 455 1648 1649 1650
454 9 0 436 455 437 1650 1651 1593
455 9 0 437 455 456 1651 1652 1653
456 9 0 437 456 438 1653 1654 1596
457 9 0 438 456 457 1654 1655 1656
458 9 0 438 457 439 1656 1657 1599
459 9 0 439 457 458 1657 1658 1659
460 9 0 439 458 440 1659 1660 1602
461 9 0 440 458 459 1660 1661 1662
462 9 0 440 459 441 1662 1663 1605
463 9 0 441 459 460 1663 1664 1665
464 9 0 441 460 442 1665 1666 1608
465 9 0 442 460 461 1666 1667 1668
466 9 0 442 461 443 1668 1669 1611
467 9 0 443 461 462 1669 1670 1671
468 9 0 443 462 444 1671 1672 1614
469 9 0 444 462 463 1672 1673 1674
470 9 0 444 463 445 1674 1675 1617
471 9 0 445 463 464 1675 1676 1677
472 9 0 445 464 446 1677 1678 1620
473 9 0 446 464 465 1678 1679 1680
474 9 0 446 465 447 1680 1681 1623
475 9 0 447 465 466 1681 1682 1683
476 9 0 447 466 448 1683 1684 1626
477 9 0 448 466 467 1684 1685 1686
478 9 0 448 467 150 1686 1687 1629
479 9 0 150 467 149 1687 1688 189
480 9 0 15 16 449 55 1689 1631
481 9 0 449 16 468 1689 1690 1691
482 9 0 449 468 450 1691 1692 1634
483 9 0 450 468 469 1692 1693 1694
484 9 0 450 469 451 1694 1695 1637
485 9 0 451 469 470 1695 1696 1697
486 9 0 451 470 452 1697 1698 1640
487 9 0 452 470 471 1698 1699 1700
488 9 0 452 471 453 1700 1701 1643
489 9 0 453 471 472 1701 1702 1703
490 9 0 453 472 454 1703 1704 1646
491 9 0 454 472 473 1704 1705 1706
492 9 0 454 473 455 1706 1707 1649
493 9 0 455 473 474 1707 1708 1709
494 9 0 455 474 456 1709 1710 1652
495 9 0 456 474 475 1710 1711 1712
496 9 0 456 475 457 1712 1713 1655
497 9 0 457 475 476 1713 1714 1715
498 9 0 457 476 458 1715 1716 1658
499 9 0 458 476 477 1716 1717 1718
500 9 0 458 477 459 1718 1719 1661
501 9 0 459 477 478 1719 1720 1721
502 9 0 459 478 460 1721 1722 1664
503 9 0 460 478 479 1722 1723 1724
504 9 0 460 479 461 1724 1725 1667
505 9 0 461 479 480 1725 1726 1727
506 9 0 461 480 462 1727 1728 1670
507 9 0 462 480 481 1728 1729 1730
508 9 0 462 481 463 1730 1731 1673
509 9 0 463 481 482 1731 1732 1733
510 9 0 463 482 464 1733 1734 1676
511 9 0 464 482 483 1734 1735 1736
512 9 0 464 483 465 1736 1737 1679
513 9 0 465 483 484 1737 1738 1739
514 9 0 465 484 466 1739 1740 1682
515 9 0 466 484 485 1740 1741 1742
516 9 0 466 485 467 1742 1743 1685
517 9 0 467 485 486 1743 1744 1745
518 9 0 467 486 149 1745 1746 1688
519 9 0 149 486 148 1746 1747 188
520 9 0 16 17 468 56 1748 1690
521 9 0 468 17 487 1748 1749 1750
522 9 0 468 487 469 1750 1751 1693
523 9 0 469 487 488 1751 1752 1753
524 9 0 469 488 470 1753 1754 1696
525 9 0 470 488 489 1754 1755 1756
526 9 0 470 489 471 1756 1757 1699
527 9 0 471 489 490 1757 1758 1759
528 9 0 471 490 472 1759 1760 1702
529 9 0 472 490 491 1760 1761 1762
530 9 0 472 491 473 1762 1763 1705
531 9 0 473 491 492 1763 1764 1765
532 9 0 473 492 474 1765 1766 1708
533 9 0 474 492 493 1766 1767 1768
534 9 0 474 493 475 1768 1769 1711
535 9 0 475 493 494 1769 1770 1771
536 9 0 475 494 476 1771 1772 1714
537 9 0 476 494 495 1772 1773 1774
538 9 0 476 495 477 1774 1775 1717
539 9 0 477 495 496 1775 1776 1777
540 9 0 477 496 478 1777 1778 1720
541 9 0 478 496 497 1778 1779 1780
542 9 0 478 497 479 1780 1781 1723
543 9 0 479 497 498 1781 1782 1783
544 9 0 479 498 480 1783 1784 1726
545 9 0 480 498 499 1784 1785 1786
546 9 0 480 499 481 1786 1787 1729
547 9 0 481 499 500 1787 1788 1789
548 9 0 481 500 482 1789 1790 1732
549 9 0 482 500 501 1790 1791 1792
550 9 0 482 501 483 1792 1793 1735
551 9 0 483 501 502 1793 1794 1795
552 9 0 483 502 484 1795 1796 1738
553 9 0 484 502 503 1796 1797 1798
554 9 0 484 503 485 1798 1799 1741
555 9 0 485 503 504 1799 1800 1801
556 9 0 485 504 486 1801 1802 1744
557 9 0 486 504 505 1802 1803 1804
558 9 0 486 505 148 1804 1805 1747
559 9 0 148 505 147 1805 1806 187
560 9 0 17 18 487 57 1807 1749
561 9 0 487 18 506 1807 1808 1809
562 9 0 487 506 488 1809 1810 1752
563 9 0 488 506 507 1810 1811 1812
564 9 0 488 507 489 1812 1813 1755
565 9 0 489 507 508 1813 1814 1815
566 9 0 489 508 490 1815 1816 1758
567 9 0 490 508 509 1816 1817 1818
568 9 0 490 509 491 1818 1819 1761
569 9 0 491 509 510 1819 1820 1821
570 9 0 491 510 492 1821 1822 1764
571 9 0 492 510 511 1822 1823 1824
572 9 0 492 511 493 1824 1825 1767
573 9 0 493 511 512 1825 1826 1827
574 9 0 493 512 494 1827 1828 1770
575 9 0 494 512 513 1828 1829 1830
576 9 0 494 513 495 1830 1831 1773
577 9 0 495 513 514 1831 1832 1833
578 9 0 495 514 496 1833 1834 1776
579 9 0 496 514 515 1834 1835 1836
580 9 0 496 515 497 1836 1837 1779
581 9 0 497 515 516 1837 1838 1839
582 9 0 497 516 498 1839 1840 1782
583 9 0 498 516 517 1840 1841 1842
584 9 0 498 517 499 1842 1843 1785
585 9 0 499 517 518 1843 1844 1845
586 9 0 499 518 500 1845 1846 1788
587 9 0 500 518 519 1846 1847 1848
588 9 0 500 519 501 1848 1849 1791
589 9 0 501 519 520 1849 1850 1851
590 9 0 501 520 502 1851 1852 1794
591 9 0 502 520 521 1852 1853 1854
592 9 0 502 521 503 1854 1855 1797
593 9 0 503 521 522 1855 1856 1857
594 9 0 503 522 504 1857 1858 1800
595 9 0 504 522 523 1858 1859 1860
596 9 0 504 523 505 1860 1861 1803
597 9 0 505 523 524 1861 1862 1863
598 9 0 505 524 147 1863 1864 1806
599 9 0 147 524 146 1864 1865 186
600 9 0 18 19 506 58 1866 1808
601 9 0 506 19 525 1866 1867 1868
602 9 0 506 525 507 1868 1869 1811
603 9 0 507 525 526 1869 1870 1871
604 9 0 507 526 508 1871 1872 1814
605 9 0 508 526 527 1872 1873 1874
606 9 0 508 527 509 1874 1875 1817
607 9 0 509 527 528 1875 1876 1877
608 9 0 509 528 510 1877 1878 1820
609 9 0 510 528 529 1878 1879 1880
610 9 0 510 529 511 1880 1881 1823
611 9 0 511 529 530 1881 1882 1883
612 9 0 511 530 512 1883 1884 1826
613 9 0 512 530 531 1884 1885 1886
614 9 0 512 531 513 1886 1887 1829
615 9 0 513 531 532 1887 1888 1889
616 9 0 513 532 514 1889 1890 1832
617 9 0 514 532 533 1890 1891 1892
618 9 0 514 533 515 1892 1893 1835
619 9 0 515 533 534 1893 1894 1895
620 9 0 515 534 516 1895 1896 1838
621 9 0 516 534 535 1896 1897 1898
622 9 0 516 535 517 1898 1899 1841
623 9 0 517 535 536 1899 1900 1901
624 9 0 517 536 518 1901 1902 1844
625 9 0 518 536 537 1902 1903 1904
626 9 0 518 537 519 1904 1905 1847
627 9 0 519 537 538 1905 1906 1907
628 9 0 519 538 520 1907 1908 1850
629 9 0 520 538 539 1908 1909 1910
630 9 0 520 539 521 1910 1911 1853
631 9 0 521 539 540 1911 1912 1913
632 9 0 521 540 522 1913 1914 1856
633 9 0 522 540 541 1914 1915 1916
634 9 0 522 541 523 1916 1917 1859
635 9 0 523 541 542 1917 1918 1919
636 9 0 523 542 524 1919 1920 1862
637 9 0 524 542 543 1920 1921 1922
638 9 0 524 543 146 1922 1923 1865
639 9 0 146 543 145 1923 1924 185
640 9 0 19 20 525 59 1925 1867
641 9 0 525 20 544 1925 1926 1927
642 9 0 525 544 526 1927 1928 1870
643 9 0 526 544 545 1928 1929 1930
644 9 0 526 545 527 1930 1931 1873
645 9 0 527 545 546 1931 1932 1933
646 9 0 527 546 528 1933 1934 1876
647 9 0 528 546 547 1934 1935 1936
648 9 0 528 547 529 1936 1937 1879
649 9 0 529 547 548 1937 1938 1939
650 9 0 529 548 530 1939 1940 1882
651 9 0 530 548 549 1940 1941 1942
652 9 0 530 549 531 1942 1943 1885
653 9 0 531 549 550 1943 1944 1945
654 9 0 531 550 532 1945 1946 1888
655 9 0 532 550 551 1946 1947 1948
656 9 0 532 551 533 1948 1949 1891
657 9 0 533 551 552 1949 1950 1951
658 9 0 533 552 534 1951 1952 1894
659 9 0 534 552 553 1952 1953 1954
660 9 0 534 553 535 1954 1955 1897
661 9 0 535 553 554 1955 1956 1957
662 9 0 535 554 536 1957 1958 1900
663 9 0 536 554 555 1958 1959 1960
664 9 0 536 555 537 1960 1961 1903
665 9 0 537 555 556 1961 1962 1963
666 9 0 537 556 538 1963 1964 1906
667 9 0 538 556 557 1964 1965 1966
668 9 0 538 557 539 1966 1967 1909
669 9 0 539 557 558 1967 1968 1969
670 9 0 539 558 540 1969 1970 1912
671 9 0 540 558 559 1970 1971 1972
672 9 0 540 559 541 1972 1973 1915
673 9 0 541 559 560 1973 1974 1975
674 9 0 541 560 542 1975 1976 1918
675 9 0 542 560 561 1976 1977 1978
676 9 0 542 561 543 1978 1979 1921
677 9 0 543 561 562 1979 1980 1981
678 9 0 543 562 145 1981 1982 1924
679 9 0 145 562 144 1982 1983 184
680 9 0 20 21 544 60 1984 1926
681 9 0 544 21 563 1984 1985 1986
682 9 0 544 563 545 1986 1987 1929
683 9 0 545 563 564 1987 1988 1989
684 9 0 545 564 546 1989 1990 1932
685 9 0 546 564 565 1990 1991 1992
686 9 0 546 565 547 1992 1993 1935
687 9 0 547 565 566 1993 1994 1995
688 9 0 547 566 548 1995 1996 1938
689 9 0 548 566 567 1996 1997 1998
690 9 0 548 567 549 1998 1999 1941
691 9 0 549 567 568 1999 2000 2001
692 9 0 549 568 550 2001 2002 1944
693 9 0 550 568 569 2002 2003 2004
694 9 0 550 569 551 2004 2005 1947
695 9 0 551 569 570 2005 2006 2007
696 9 0 551 570 552 2007 2008 1950
697 9 0 552 570 571 2008 2009 2010
698 9 0 552 571 553 2010 2011 1953
699 9 0 553 571 572 2011 2012 2013
700 9 0 553 572 554 2013 2014 1956
701 9 0 554 572 573 2014 2015 2016
702 9 0 554 573 555 2016 2017 1959
703 9 0 555 573 574 2017 2018 2019
704 9 0 555 574 556 2019 2020 1962
705 9 0 556 574 575 2020 2021 2022
706 9 0 556 575 557 2022 2023 1965
707 9 0 557 575 576 2023 2024 2025
708 9 0 557 576 558 2025 2026 1968
709 9 0 558 576 577 2026 2027 2028
710 9 0 558 577 559 2028 2029 1971
711 9 0 559 577 578 2029 2030 2031
712 9 0 559 578 560 2031 2032 1974
713 9 0 560 578 579 2032 2033 2034
714 9 0 560 579 561 2034 2035 1977
715 9 0 561 579 580 2035 2036 2037
716 9 0 561 580 562 2037 2038 1980
717 9 0 562 580 581 2038 2039 2040
718 9 0 562 581 144 2040 2041 1983
719 9 0 144 581 143 2041 2042 183
720 9 0 21 22 563 61 2043 1985
721 9 0 563 22 582 2043 2044 2045
722 9 0 563 582 564 2045 2046 1988
723 9 0 564 582 583 2046 2047 2048
724 9 0 564 583 565 2048 2049 1991
725 9 0 565 583 584 2049 2050 2051
726 9 0 565 584 566 2051 2052 1994
727 9 0 566 584 585 2052 2053 2054
728 9 0 566 585 567 2054 2055 1997
729 9 0 567 585 586 2055 2056 2057
730 9 0 567 586 568 2057 2058 2000
731 9 0 568 586 587 2058 2059 2060
732 9 0 568 587 569 2060 2061 2003
733 9 0 569 587 588 2061 2062 2063
734 9 0 569 588 570 2063 2064 2006
735 9 0 570 588 589 2064 2065 2066
736 9 0 570 589 571 2066 2067 2009
737 9 0 571 589 590 2067 2068 2069
738 9 0 571 590 572 2069 2070 2012
739 9 0 572 590 591 2070 2071 2072
740 9 0 572 591 573 2072 2073 2015
741 9 0 573 591 592 2073 2074 2075
742 9 0 573 592 574 2075 2076 2018
743 9 0 574 592 593 2076 2077 2078
744 9 0 574 593 575 2078 2079 2021
745 9 0 575 593 594 2079 2080 2081
746 9 0 575 594 576 2081 2082 2024
747 9 0 576 594 595 2082 2083 2084
748 9 0 576 595 577 2084 2085 2027
749 9 0 577 595 596 2085 2086 2087
750 9 0 577 596 578 2087 2088 2030
751 9 0 578 596 597 2088 2089 2090
752 9 0 578 597 579 2090 2091 2033
753 9 0 579 597 598 2091 2092 2093
754 9 0 579 598 580 2093 2094 2036
755 9 0 580 598 599 2094 2095 2096
756 9 0 580 599 581 2096 2097 2039
757 9 0 581 599 600 2097 2098 2099
758 9 0 581 600 143 2099 2100 2042
759 9 0 143 600 142 2100 2101 182
760 9 0 22 23 582 62 2102 2044
761 9 0 582 23 601 2102 2103 2104
762 9 0 582 601 583 2104 2105 2047
763 9 0 583 601 602 2105 2106 2107
764 9 0 583 602 584 2107 2108 2050
765 9 0 584 602 603 2108 2109 2110
766 9 0 584 603 585 2110 2111 2053
767 9 0 585 603 604 2111 2112 2113
768 9 0 585 604 586 2113 2114 2056
769 9 0 586 604 605 2114 2115 2116
770 9 0 586 605 587 2116 2117 2059
771 9 0 587 605 606 2117 2118 2119
772 9 0 587 606 588 2119 2120 2062
773 9 0 588 606 607 2120 2121 2122
774 9 0 588 607 589 2122 2123 2065
775 9 0 589 607 608 2123 2124 2125
776 9 0 589 608 590 2125 2126 2068
777 9 0 590 608 609 2126 2127 2128
778 9 0 590 609 591 2128 2129 2071
779 9 0 591 609 610 2129 2130 2131
780 9 0 591 610 592 2131 2132 2074
781 9 0 592 610 611 2132 2133 2134
782 9 0 592 611 593 2134 2135 2077
783 9 0 593 611 612 2135 2136 2137
784 9 0 593 612 594 2137 2138 2080
785 9 0 594 612 613 2138 2139 2140
786 9 0 594 613 595 2140 2141 2083
787 9 0 595 613 614 2141 2142 2143
788 9 0 595 614 596 2143 2144 2086
789 9 0 596 614 615 2144 2145 2146
790 9 0 596 615 597 2146 2147 2089
791 9 0 597 615 616 2147 2148 2149
792 9 0 597 616 598 2149 2150 2092
793 9 0 598 616 617 2150 2151 2152
794 9 0 598 617 599 2152 2153 2095
795 9 0 599 617 618 2153 2154 2155
796 9 0 599 618 600 2155 2156 2098
797 9 0 600 618 619 2156 2157 2158
798 9 0 600 619 142 2158 2159 2101
799 9 0 142 619 141 2159 2160 181
800 9 0 23 24 601 63 2161 2103
801 9 0 601 24 620 2161 2162 2163
802 9 0 601 620 602 2163 2164 2106
803 9 0 602 620 621 2164 2165 2166
804 9 0 602 621 603 2166 2167 2109
805 9 0 603 621 622 2167 2168 2169
806 9 0 603 622 604 2169 2170 2112
807 9 0 604 622 623 2170 2171 2172
808 9 0 604 623 605 2172 2173 2115
809 9 0 605 623 624 2173 2174 2175
810 9 0 605 624 606 2175 2176 2118
811 9 0 606 624 625 2176 2177 2178
812 9 0 606 625 607 2178 2179 2121
813 9 0 607 625 626 2179 2180 2181
814 9 0 607 626 608 2181 2182 2124
815 9 0 608 626 627 2182 2183 2184
816 9 0 608 627 609 2184 2185 2127
817 9 0 609 627 628 2185 2186 2187
818 9 0 609 628 610 2187 2188 2130
819 9 0 610 628 629 2188 2189 2190
820 9 0 610 629 611 2190 2191 2133
821 9 0 611 629 630 2191 2192 2193
822 9 0 611 630 612 2193 2194 2136
823 9 0 612 630 631 2194 2195 2196
824 9 0 612 631 613 2196 2197 2139
825 9 0 613 631 632 2197 2198 2199
826 9 0 613 632 614 2199 2200 2142
827 9 0 614 632 633 2200 2201 2202
828 9 0 614 633 615 2202 2203 2145
829 9 0 615 633 634 2203 2204 2205
830 9 0 615 634 616 2205 2206 2148
831 9 0 616 634 635 2206 2207 2208
832 9 0 616 635 617 2208 2209 2151
833 9 0 617 635 636 2209 2210 2211
834 9 0 617 636 618 2211 2212 2154
835 9 0 618 636 637 2212 2213 2214
836 9 0 618 637 619 2214 2215 2157
837 9 0 619 637 638 2215 2216 2217
838 9 0 619 638 141 2217 2218 2160
839 9 0 141 638 140 2218 2219 180
840 9 0 24 25 620 64 2220 2162
841 9 0 620 25 639 2220 2221 2222
842 9 0 620 639 621 2222 2223 2165
843 9 0 621 639 640 2223 2224 2225
844 9 0 621 640 622 2225 2226 2168
845 9 0 622 640 641 2226 2227 2228
846 9 0 622 641 623 2228 2229 2171
847 9 0 623 641 642 2229 2230 2231
848 9 0 623 642 624 2231 2232 2174
849 9 0 624 642 643 2232 2233 2234
850 9 0 624 643 625 2234 2235 2177
851 9 0 625 643 644 2235 2236 2237
852 9 0 625 644 626 2237 2238 2180
853 9 0 626 644 645 2238 2239 2240
854 9 0 626 645 627 2240 2241 2183
855 9 0 627 645 646 2241 2242 2243
856 9 0 627 646 628 2243 2244 2186
857 9 0 628 646 647 2244 2245 2246
858 9 0 628 647 629 2246 2247 2189
859 9 0 629 647 648 2247 2248 2249
860 9 0 629 648 630 2249 2250 2192
861 9 0 630 648 649 2250 2251 2252
862 9 0 630 649 631 2252 2253 2195
863 9 0 631 649 650 2253 2254 2255
864 9 0 631 650 632 2255 2256 2198
865 9 0 632 650 651 2256 2257 2258
866 9 0 632 651 633 2258 2259 2201
867 9 0 633 651 652 2259 2260 2261
868 9 0 633 652 634 2261 2262 2204
869 9 0 634 652 653 2262 2263 2264
870 9 0 634 653 635 2264 2265 2207
871 9 0 635 653 654 2265 2266 2267
872 9 0 635 654 636 2267 2268 2210
873 9 0 636 654 655 2268 2269 2270
874 9 0 636 655 637 2270 2271 2213
875 9 0 637 655 656 2271 2272 2273
876 9 0 637 656 638 2273 2274 2216
877 9 0 638 656 657 2274 2275 2276
878 9 0 638 657 140 2276 2277 2219
879 9 0 140 657 139 2277 2278 179
880 9 0 25 26 639 65 2279 2221
881 9 0 639 26 658 2279 2280 2281
882 9 0 639 658 640 2281 2282 2224
883 9 0 640 658 659 2282 2283 2284
884 9 0 640 659 641 2284 2285 2227
885 9 0 641 659 660 2285 2286 2287
886 9 0 641 660 642 2287 2288 2230
887 9 0 642 660 661 2288 2289 2290
888 9 0 642 661 643 2290 2291 2233
889 9 0 643 661 662 2291 2292 2293
890 9 0 643 662 644 2293 2294 2236
891 9 0 644 662 663 2294 2295 2296
892 9 0 644 663 645 2296 2297 2239
893 9 0 645 663 664 2297 2298 2299
894 9 0 645 664 646 2299 2300 2242
895 9 0 646 664 665 2300 2301 2302
896 9 0 646 665 647 2302 2303 2245
897 9 0 647 665 666 2303 2304 2305
898 9 0 647 666 648 2305 2306 2248
899 9 0 648 666 667 2306 2307 2308
900 9 0 648 667 649 2308 2309 2251
901 9 0 649 667 668 2309 2310 2311
902 9 0 649 668 650 2311 2312 2254
903 9 0 650 668 669 2312 2313 2314
904 9 0 650 669 651 2314 2315 2257
905 9 0 651 669 670 2315 2316 2317
906 9 0 651 670 652 2317 2318 2260
907 9 0 652 670 671 2318 2319 2320
908 9 0 652 671 653 2320 2321 2263
909 9 0 653 671 672 2321 2322 2323
910 9 0 653 672 654 2323 2324 2266
911 9 0 654 672 673 2324 2325 2326
912 9 0 654 673 655 2326 2327 2269
913 9 0 655 673 674 2327 2328 2329
914 9 0 655 674 656 2329 2330 2272
915 9 0 656 674 675 2330 2331 2332
916 9 0 656 675 657 2332 2333 2275
917 9 0 657 675 676 2333 2334 2335
918 9 0 657 676 139 2335 2336 2278
919 9 0 139 676 138 2336 2337 178
920 9 0 26 27 658 66 2338 2280
921 9 0 658 27 677 2338 2339 2340
922 9 0 658 677 659 2340 2341 2283
923 9 0 659 677 678 2341 2342 2343
924 9 0 659 678 660 2343 2344 2286
925 9 0 660 678 679 2344 2345 2346
926 9 0 660 679 661 2346 2347 2289
927 9 0 661 679 680 2347 2348 2349
928 9 0 661 680 662 2349 2350 2292
929 9 0 662 680 681 2350 2351 2352
930 9 0 662 681 663 2352 2353 2295
931 9 0 663 681 682 2353 2354 2355
932 9 0 663 682 664 2355 2356 2298
933 9 0 664 682 683 2356 2357 2358
934 9 0 664 683 665 2358 2359 2301
935 9 0 665 683 684 2359 2360 2361
936 9 0 665 684 666 2361 2362 2304
937 9 0 666 684 685 2362 2363 2364
938 9 0 666 685 667 2364 2365 2307
939 9 0 667 685 686 2365 2366 2367
940 9 0 667 686 668 2367 2368 2310
941 9 0 668 686 687 2368 2369 2370
942 9 0 668 687 669 2370 2371 2313
943 9 0 669 687 688 2371 2372 2373
944 9 0 669 688 670 2373 2374 2316
945 9 0 670 688 689 2374 2375 2376
946 9 0 670 689 671 2376 2377 2319
947 9 0 671 689 690 2377 2378 2379
948 9 0 671 690 672 2379 2380 2322
949 9 0 672 690 691 2380 2381 2382
950 9 0 672 691 673 2382 2383 2325
951 9 0 673 691 692 2383 2384 2385
952 9 0 673 692 674 2385 2386 2328
953 9 0 674 692 693 2386 2387 2388
954 9 0 674 693 675 2388 2389 2331
955 9 0 675 693 694 2389 2390 2391
956 9 0 675 694 676 2391 2392 2334
957 9 0 676 694 695 2392 2393 2394
958 9 0 676 695 138 2394 2395 2337
959 9 0 138 695 137 2395 2396 177
960 9 0 27 28 677 67 2397 2339
961 9 0 677 28 696 2397 2398 2399
962 9 0 677 696 678 2399 2400 2342
963 9 0 678 696 697 2400 2401 2402
964 9 0 678 697 679 2402 2403 2345
965 9 0 679 697 698 2403 2404 2405
966 9 0 679 698 680 2405 2406 2348
967 9 0 680 698 699 2406 2407 2408
968 9 0 680 699 681 2408 2409 2351
969 9 0 681 699 700 2409 2410 2411
970 9 0 681 700 682 2411 2412 2354
971 9 0 682 700 701 2412 2413 2414
972 9 0 682 701 683 2414 2415 2357
973 9 0 683 701 702 2415 2416 2417
974 9 0 683 702 684 2417 2418 2360
975 9 0 684 702 703 2418 2419 2420
976 9 0 684 703 685 2420 2421 2363
977 9 0 685 703 704 2421 2422 2423
978 9 0 685 704 686 2423 2424 2366
979 9 0 686 704 705 2424 2425 2426
980 9 0 686 705 687 2426 2427 2369
981 9 0 687 705 706 2427 2428 2429
982 9 0 687 706 688 2429 2430 2372
983 9 0 688 706 707 2430 2431 2432
984 9 0 688 707 689 2432 2433 2375
985 9 0 689 707 708 2433 2434 2435
986 9 0 689 708 690 2435 2436 2378
987 9 0 690 708 709 2436 2437 2438
988 9 0 690 709 691 2438 2439 2381
989 9 0 691 709 710 2439 2440 2441
990 9 0 691 710 692 2441 2442 2384
991 9 0 692 710 711 2442 2443 2444
992 9 0 692 711 693 2444 2445 2387
993 9 0 693 711 712 2445 2446 2447
994 9 0 693 712 694 2447 2448 2390
995 9 0 694 712 713 2448 2449 2450
996 9 0 694 713 695 2450 2451 2393
997 9 0 695 713 714 2451 2452 2453
998 9 0 695 714 137 2453 2454 2396
999 9 0 137 714 136 2454 2455 176
1000 9 0 28 29 696 68 2456 2398
1001 9 0 696 29 715 2456 2457 2458
1002 9 0 696 715 697 2458 2459 2401
1003 9 0 697 715 716 2459 2460 2461
1004 9 0 697 716 698 2461 2462 2404
1005 9 0 698 716 717 2462 2463 2464
1006 9 0 698 717 699 2464 2465 2407
1007 9 0 699 717 718 2465 2466 2467
1008 9 0 699 718 700 2467 2468 2410
1009 9 0 700 718 719 2468 2469 2470
1010 9 0 700 719 701 2470 2471 2413
1011 9 0 701 719 720 2471 2472 2473
1012 9 0 701 720 702 2473 2474 2416
1013 9 0 702 720 721 2474 2475 2476
1014 9 0 702 721 703 2476 2477 2419
1015 9 0 703 721 722 2477 2478 2479
1016 9 0 703 722 704 2479 2480 2422
1017 9 0 704 722 723 2480 2481 2482
1018 9 0 704 723 705 2482 2483 2425
1019 9 0 705 723 724 2483 2484 2485
1020 9 0 705 724 706 2485 2486 2428
1021 9 0 706 724 725 2486 2487 2488
1022 9 0 706 725 707 2488 2489 2431
1023 9 0 707 725 726 2489 2490 2491
1024 9 0 707 726 708 2491 2492 2434
1025 9 0 708 726 727 2492 2493 2494
1026 9 0 708 727 709 2494 2495 2437
1027 9 0 709 727 728 2495 2496 2497
1028 9 0 709 728 710 2497 2498 2440
1029 9 0 710 728 729 2498 2499 2500
1030 9 0 710 729 711 2500 2501 2443
1031 9 0 711 729 730 2501 2502 2503
1032 9 0 711 730 712 2503 2504 2446
1033 9 0 712 730 731 2504 2505 2506
1034 9 0 712 731 713 2506 2507 2449
1035 9 0 713 731 732 2507 2508 2509
1036 9 0 713 732 714 2509 2510 2452
1037 9 0 714 732 733 2510 2511 2512
1038 9 0 714 733 136 2512 2513 2455
1039 9 0 136 733 135 2513 2514 175
1040 9 0 29 30 715 69 2515 2457
1041 9 0 715 30 734 2515 2516 2517
1042 9 0 715 734 716 2517 2518 2460
1043 9 0 716 734 735 2518 2519 2520
1044 9 0 716 735 717 2520 2521 2463
1045 9 0 717 735 736 2521 2522 2523
1046 9 0 717 736 718 2523 2524 2466
1047 9 0 718 736 737 2524 2525 2526
1048 9 0 718 737 719 2526 2527 2469
1049 9 0 719 737 738 2527 2528 2529
1050 9 0 719 738 720 2529 2530 2472
1051 9 0 720 738 739 2530 2531 2532
1052 9 0 720 739 721 2532 2533 2475
1053 9 0 721 739 740 2533 2534 2535
1054 9 0 721 740 722 2535 2536 2478
1055 9 0 722 740 741 2536 2537 2538
1056 9 0 722 741 723 2538 2539 2481
1057 9 0 723 741 742 2539 2540 2541
1058 9 0 723 742 724 2541 2542 2484
1059 9 0 724 742 743 2542 2543 2544
1060 9 0 724 743 725 2544 2545 2487
1061 9 0 725 743 744 2545 2546 2547
1062 9 0 725 744 726 2547 2548 2490
1063 9 0 726 744 745 2548 2549 2550
1064 9 0 726 745 727 2550 2551 2493
1065 9 0 727 745 746 2551 2552 2553
1066 9 0 727 746 728 2553 2554 2496
1067 9 0 728 746 747 2554 2555 2556
1068 9 0 728 747 729 2556 2557 2499
1069 9 0 729 747 748 2557 2558 2559
1070 9 0 729 748 730 2559 2560 2502
1071 9 0 730 748 749 2560 2561 2562
1072 9 0 730 749 731 2562 2563 2505
1073 9 0 731 749 750 2563 2564 2565
1074 9 0 731 750 732 2565 2566 2508
1075 9 0 732 750 751 2566 2567 2568
1076 9 0 732 751 733 2568 2569 2511
1077 9 0 733 751 752 2569 2570 2571
1078 9 0 733 752 135 2571 2572 2514
1079 9 0 135 752 134 2572 2573 174
1080 9 0 30 31 734 70 2574 2516
1081 9 0 734 31 753 2574 2575 2576
1082 9 0 734 753 735 2576 2577 2519
1083 9 0 735 753 754 2577 2578 2579
1084 9 0 735 754 736 2579 2580 2522
1085 9 0 736 754 755 2580 2581 2582
1086 9 0 736 755 737 2582 2583 2525
1087 9 0 737 755 756 2583 2584 2585
1088 9 0 737 756 738 2585 2586 2528
1089 9 0 738 756 757 2586 2587 2588
1090 9 0 738 757 739 2588 2589 2531
1091 9 0 739 757 758 2589 2590 2591
1092 9 0 739 758 740 2591 2592 2534
1093 9 0 740 758 759 2592 2593 2594
1094 9 0 740 759 741 2594 2595 2537
1095 9 0 741 759 760 2595 2596 2597
1096 9 0 741 760 742 2597 2598 2540
1097 9 0 742 760 761 2598 2599 2600
1098 9 0 742 761 743 2600 2601 2543
1099 9 0 743 761 762 2601 2602 2603
1100 9 0 743 762 744 2603 2604 2546
1101 9 0 744 762 763 2604 2605 2606
1102 9 0 744 763 745 2606 2607 2549
1103 9 0 745 763 764 2607 2608 2609
1104 9 0 745 764 746 2609 2610 2552
1105 9 0 746 764 765 2610 2611 2612
1106 9 0 746 765 747 2612 2613 2555
1107 9 0 747 765 766 2613 2614 2615
1108 9 0 747 766 748 2615 2616 2558
1109 9 0 748 766 767 2616 2617 2618
1110 9 0 748 767 749 2618 2619 2561
1111 9 0 749 767 768 2619 2620 2621
1112 9 0 749 768 750 2621 2622 2564
1113 9 0 750 768 769 2622 2623 2624
1114 9 0 750 769 751 2624 2625 2567
1115 9 0 751 769 770 2625 2626 2627
1116 9 0 751 770 752 2627 2628 2570
1117 9 0 752 770 771 2628 2629 2630
1118 9 0 752 771 134 2630 2631 2573
1119 9 0 134 771 133 2631 2632 173
1120 9 0 31 32 753 71 2633 2575
1121 9 0 753 32 772 2633 2634 2635
1122 9 0 753 772 754 2635 2636 2578
1123 9 0 754 772 773 2636 2637 2638
1124 9 0 754 773 755 2638 2639 2581
1125 9 0 755 773 774 2639 2640 2641
1126 9 0 755 774 756 2641 2642 2584
1127 9 0 756 774 775 2642 2643 2644
1128 9 0 756 775 757 2644 2645 2587
1129 9 0 757 775 776 2645 2646 2647
1130 9 0 757 776 758 2647 2648 2590
1131 9 0 758 776 777 2648 2649 2650
1132 9 0 758 777 759 2650 2651 2593
1133 9 0 759 777 778 2651 2652 2653
1134 9 0 759 778 760 2653 2654 2596
1135 9 0 760 778 779 2654 2655 2656
1136 9 0 760 779 761 2656 2657 2599
1137 9 0 761 779 780 2657 2658 2659
1138 9 0 761 780 762 2659 2660 2602
1139 9 0 762 780 781 2660 2661 2662
1140 9 0 762 781 763 2662 2663 2605
1141 9 0 763 781 782 2663 2664 2665
1142 9 0 763 782 764 2665 2666 2608
1143 9 0 764 782 783 2666 2667 2668
1144 9 0 764 783 765 2668 2669 2611
1145 9 0 765 783 784 2669 2670 2671
1146 9 0 765 784 766 2671 2672 2614
1147 9 0 766 784 785 2672 2673 2674
1148 9 0 766 785 767 2674 2675 2617
1149 9 0 767 785 786 2675 2676 2677
1150 9 0 767 786 768 2677 2678 2620
1151 9 0 768 786 787 2678 2679 2680
1152 9 0 768 787 769 2680 2681 2623
1153 9 0 769 787 788 2681 2682 2683
1154 9 0 769 788 770 2683 2684 2626
1155 9 0 770 788 789 2684 2685 2686
1156 9 0 770 789 771 2686 2687 2629
1157 9 0 771 789 790 2687 2688 2689
1158 9 0 771 790 133 2689 2690 2632
1159 9 0 133 790 132 2690 2691 172
1160 9 0 32 33 772 72 2692 2634
1161 9 0 772 33 791 2692 2693 2694
1162 9 0 772 791 773 2694 2695 2637
1163 9 0 773 791 792 2695 2696 2697
1164 9 0 773 792 774 2697 2698 2640
1165 9 0 774 792 793 2698 2699 2700
1166 9 0 774 793 775 2700 2701 2643
1167 9 0 775 793 794 2701 2702 2703
1168 9 0 775 794 776 2703 2704 2646
1169 9 0 776 794 795 2704 2705 2706
1170 9 0 776 795 777 2706 2707 2649
1171 9 0 777 795 796 2707 2708 2709
1172 9 0 777 796 778 2709 2710 2652
1173 9 0 778 796 797 2710 2711 2712
1174 9 0 778 797 779 2712 2713 2655
1175 9 0 779 797 798 2713 2714 2715
1176 9 0 779 798 780 2715 2716 2658
1177 9 0 780 798 799 2716 2717 2718
1178 9 0 780 799 781 2718 2719 2661
1179 9 0 781 799 800 2719 2720 2721
1180 9 0 781 800 782 2721 2722 2664
1181 9 0 782 800 801 2722 2723 2724
1182 9 0 782 801 783 2724 2725 2667
1183 9 0 783 801 802 2725 2726 2727
1184 9 0 783 802 784 2727 2728 2670
1185 9 0 784 802 803 2728 2729 2730
1186 9 0 784 803 785 2730 2731 2673
1187 9 0 785 803 804 2731 2732 2733
1188 9 0 785 804 786 2733 2734 2676
1189 9 0 786 804 805 2734 2735 2736
1190 9 0 786 805 787 2736 2737 2679
1191 9 0 787 805 806 2737 2738 2739
1192 9 0 787 806 788 2739 2740 2682
1193 9 0 788 806 807 2740 2741 2742
1194 9 0 788 807 789 2742 2743 2685
1195 9 0 789 807 808 2743 2744 2745
1196 9 0 789 808 790 2745 2746 2688
1197 9 0 790 808 809 2746 2747 2748
1198 9 0 790 809 132 2748 2749 2691
1199 9 0 132 809 131 2749 2750 171
1200 9 0 33 34 791 73 2751 2693
1201 9 0 791 34 810 2751 2752 2753
1202 9 0 791 810 792 2753 2754 2696
1203 9 0 792 810 811 2754 2755 2756
1204 9 0 792 811 793 2756 2757 2699
1205 9 0 793 811 812 2757 2758 2759
1206 9 0 793 812 794 2759 2760 2702
1207 9 0 794 812 813 2760 2761 2762
1208 9 0 794 813 795 2762 2763 2705
1209 9 0 795 813 814 2763 2764 2765
1210 9 0 795 814 796 2765 2766 2708
1211 9 0 796 814 815 2766 2767 2768
1212 9 0 796 815 797 2768 2769 2711
1213 9 0 797 815 816 2769 2770 2771
1214 9 0 797 816 798 2771 2772 2714
1215 9 0 798 816 817 2772 2773 2774
1216 9 0 798 817 799 2774 2775 2717
1217 9 0 799 817 818 2775 2776 2777
1218 9 0 799 818 800 2777 2778 2720
1219 9 0 800 818 819 2778 2779 2780
1220 9 0 800 819 801 2780 2781 2723
1221 9 0 801 819 820 2781 2782 2783
1222 9 0 801 820 802 2783 2784 2726
1223 9 0 802 820 821 2784 2785 2786
1224 9 0 802 821 803 2786 2787 2729
1225 9 0 803 821 822 2787 2788 2789
1226 9 0 803 822 804 2789 2790 2732
1227 9 0 804 822 823 2790 2791 2792
1228 9 0 804 823 805 2792 2793 2735
1229 9 0 805 823 824 2793 2794 2795
1230 9 0 805 824 806 2795 2796 2738
1231 9 0 806 824 825 2796 2797 2798
1232 9 0 806 825 807 2798 2799 2741
1233 9 0 807 825 826 2799 2800 2801
1234 9 0 807 826 808 2801 2802 2744
1235 9 0 808 826 827 2802 2803 2804
1236 9 0 808 827 809 2804 2805 2747
1237 9 0 809 827 828 2805 2806 2807
1238 9 0 809 828 131 2807 2808 2750
1239 9 0 131 828 130 2808 2809 170
1240 9 0 34 35 810 74 2810 2752
1241 9 0 810 35 829 2810 2811 2812
1242 9 0 810 829 811 2812 2813 2755
1243 9 0 811 829 830 2813 2814 2815
1244 9 0 811 830 812 2815 2816 2758
1245 9 0 812 830 831 2816 2817 2818
1246 9 0 812 831 813 2818 2819 2761
1247 9 0 813 831 832 2819 2820 2821
1248 9 0 813 832 814 2821 2822 2764
1249 9 0 814 832 833 2822 2823 2824
1250 9 0 814 833 815 2824 2825 2767
1251 9 0 815 833 834 2825 2826 2827
1252 9 0 815 834 816 2827 2828 2770
1253 9 0 816 834 835 2828 2829 2830
1254 9 0 816 835 817 2830 2831 2773
1255 9 0 817 835 836 2831 2832 2833
1256 9 0 817 836 818 2833 2834 2776
1257 9 0 818 836 837 2834 2835 2836
1258 9 0 818 837 819 2836 2837 2779
1259 9 0 819 837 838 2837 2838 2839
1260 9 0 819 838 820 2839 2840 2782
1261 9 0 820 838 839 2840 2841 2842
1262 9 0 820 839 821 2842 2843 2785
1263 9 0 821 839 840 2843 2844 2845
1264 9 0 821 840 822 2845 2846 2788
1265 9 0 822 840 841 2846 2847 2848
1266 9 0 822 841 823 2848 2849 2791
1267 9 0 823 841 842 2849 2850 2851
1268 9 0 823 842 824 2851 2852 2794
1269 9 0 824 842 843 2852 2853 2854
1270 9 0 824 843 825 2854 2855 2797
1271 9 0 825 843 844 2855 2856 2857
1272 9 0 825 844 826 2857 2858 2800
1273 9 0 826 844 845 2858 2859 2860
1274 9 0 826 845 827 2860 2861 2803
1275 9 0 827 845 846 2861 2862 2863
1276 9 0 827 846 828 2863 2864 2806
1277 9 0 828 846 847 2864 2865 2866
1278 9 0 828 847 130 2866 2867 2809
1279 9 0 130 847 129 2867 2868 169
1280 9 0 35 36 829 75 2869 2811
1281 9 0 829 36 848 2869 2870 2871
1282 9 0 829 848 830 2871 2872 2814
1283 9 0 830 848 849 2872 2873 2874
1284 9 0 830 849 831 2874 2875 2817
1285 9 0 831 849 850 2875 2876 2877
1286 9 0 831 850 832 2877 2878 2820
1287 9 0 832 850 851 2878 2879 2880
1288 9 0 832 851 833 2880 2881 2823
1289 9 0 833 851 852 2881 2882 2883
1290 9 0 833 852 834 2883 2884 2826
1291 9 0 834 852 853 2884 2885 2886
1292 9 0 834 853 835 2886 2887 2829
1293 9 0 835 853 854 2887 2888 2889
1294 9 0 835 854 836 2889 2890 2832
1295 9 0 836 854 855 2890 2891 2892
1296 9 0 836 855 837 2892 2893 2835
1297 9 0 837 855 856 2893 2894 2895
1298 9 0 837 856 838 2895 2896 2838
1299 9 0 838 856 857 2896 2897 2898
1300 9 0 838 857 839 2898 2899 2841
1301 9 0 839 857 858 2899 2900 2901
1302 9 0 839 858 840 2901 2902 2844
1303 9 0 840 858 859 2902 2903 2904
1304 9 0 840 859 841 2904 2905 2847
1305 9 0 841 859 860 2905 2906 2907
1306 9 0 841 860 842 2907 2908 2850
1307 9 0 842 860 861 2908 2909 2910
1308 9 0 842 861 843 2910 2911 2853
1309 9 0 843 861 862 2911 2912 2913
1310 9 0 843 862 844 2913 2914 2856
1311 9 0 844 862 863 2914 2915 2916
1312 9 0 844 863 845 2916 2917 2859
1313 9 0 845 863 864 2917 2918 2919
1314 9 0 845 864 846 2919 2920 2862
1315 9 0 846 864 865 2920 2921 2922
1316 9 0 846 865 847 2922 2923 2865
1317 9 0 847 865 866 2923 2924 2925
1318 9 0 847 866 129 2925 2926 2868
1319 9 0 129 866 128 2926 2927 168
1320 9 0 36 37 848 76 2928 2870
1321 9 0 848 37 867 2928 2929 2930
1322 9 0 848 867 849 2930 2931 2873
1323 9 0 849 867 868 2931 2932 2933
1324 9 0 849 868 850 2933 2934 2876
1325 9 0 850 868 869 2934 2935 2936
1326 9 0 850 869 851 2936 2937 2879
1327 9 0 851 869 870 2937 2938 2939
1328 9 0 851 870 852 2939 2940 2882
1329 9 0 852 870 871 2940 2941 2942
1330 9 0 852 871 853 2942 2943 2885
1331 9 0 853 871 872 2943 2944 2945
1332 9 0 853 872 854 2945 2946 2888
1333 9 0 854 872 873 2946 2947 2948
1334 9 0 854 873 855 2948 2949 2891
1335 9 0 855 873 874 2949 2950 2951
1336 9 0 855 874 856 2951 2952 2894
1337 9 0 856 874 875 2952 2953 2954
1338 9 0 856 875 857 2954 2955 2897
1339 9 0 857 875 876 2955 2956 2957
1340 9 0 857 876 858 2957 2958 2900
1341 9 0 858 876 877 2958 2959 2960
1342 9 0 858 877 859 2960 2961 2903
1343 9 0 859 877 878 2961 2962 2963
1344 9 0 859 878 860 2963 2964 2906
1345 9 0 860 878 879 2964 2965 2966
1346 9 0 860 879 861 2966 2967 2909
1347 9 0 861 879 880 2967 2968 2969
1348 9 0 861 880 862 2969 2970 2912
1349 9 0 862 880 881 2970 2971 2972
1350 9 0 862 881 863 2972 2973 2915
1351 9 0 863 881 882 2973 2974 2975
1352 9 0 863 882 864 2975 2976 2918
1353 9 0 864 882 883 2976 2977 2978
1354 9 0 864 883 865 2978 2979 2921
1355 9 0 865 883 884 2979 2980 2981
1356 9 0 865 884 866 2981 2982 2924
1357 9 0 866 884 885 2982 2983 2984
1358 9 0 866 885 128 2984 2985 2927
1359 9 0 128 885 127 2985 2986 167
1360 9 0 37 38 867 77 2987 2929
1361 9 0 867 38 886 2987 2988 2989
1362 9 0 867 886 868 2989 2990 2932
1363 9 0 868 886 887 2990 2991 2992
1364 9 0 868 887 869 2992 2993 2935
1365 9 0 869 887 888 2993 2994 2995
1366 9 0 869 888 870 2995 2996 2938
1367 9 0 870 888 889 2996 2997 2998
1368 9 0 870 889 871 2998 2999 2941
1369 9 0 871 889 890 2999 3000 3001
1370 9 0 871 890 872 3001 3002 2944
1371 9 0 872 890 891 3002 3003 3004
1372 9 0 872 891 873 3004 3005 2947
1373 9 0 873 891 892 3005 3006 3007
1374 9 0 873 892 874 3007 3008 2950
1375 9 0 874 892 893 3008 3009 3010
1376 9 0 874 893 875 3010 3011 2953
1377 9 0 875 893 894 3011 3012 3013
1378 9 0 875 894 876 3013 3014 2956
1379 9 0 876 894 895 3014 3015 3016
1380 9 0 876 895 877 3016 3017 2959
1381 9 0 877 895 896 3017 3018 3019
1382 9 0 877 896 878 3019 3020 2962
1383 9 0 878 896 897 3020 3021 3022
1384 9 0 878 897 879 3022 3023 2965
1385 9 0 879 897 898 3023 3024 3025
1386 9 0 879 898 880 3025 3026 2968
1387 9 0 880 898 899 3026 3027 3028
1388 9 0 880 899 881 3028 3029 2971
1389 9 0 881 899 900 3029 3030 3031
1390 9 0 881 900 882 3031 3032 2974
1391 9 0 882 900 901 3032 3033 3034
1392 9 0 882 901 883 3034 3035 2977
1393 9 0 883 901 902 3035 3036 3037
1394 9 0 883 902 884 3037 3038 2980
1395 9 0 884 902 903 3038 3039 3040
1396 9 0 884 903 885 3040 3041 2983
1397 9 0 885 903 904 3041 3042 3043
1398 9 0 885 904 127 3043 3044 2986
1399 9 0 127 904 126 3044 3045 166
1400 9 0 38 39 886 78 3046 2988
1401 9 0 886 39 905 3046 3047 3048
1402 9 0 886 905 887 3048 3049 2991
1403 9 0 887 905 906 3049 3050 3051
1404 9 0 887 906 888 3051 3052 2994
1405 9 0 888 906 907 3052 3053 3054
1406 9 0 888 907 889 3054 3055 2997
1407 9 0 889 907 908 3055 3056 3057
1408 9 0 889 908 890 3057 3058 3000
1409 9 0 890 908 909 3058 3059 3060
1410 9 0 890 909 891 3060 3061 3003
1411 9 0 891 909 910 3061 3062 3063
1412 9 0 891 910 892 3063 3064 3006
1413 9 0 892 910 911 3064 3065 3066
1414 9 0 892 911 893 3066 3067 3009
1415 9 0 893 911 912 3067 3068 3069
1416 9 0 893 912 894 3069 3070 3012
1417 9 0 894 912 913 3070 3071 3072
1418 9 0 894 913 895 3072 3073 3015
1419 9 0 895 913 914 3073 3074 3075
1420 9 0 895 914 896 3075 3076 3018
1421 9 0 896 914 915 3076 3077 3078
1422 9 0 896 915 897 3078 3079 3021
1423 9 0 897 915 916 3079 3080 3081
1424 9 0 897 916 898 3081 3082 3024
1425 9 0 898 916 917 3082 3083 3084
1426 9 0 898 917 899 3084 3085 3027
1427 9 0 899 917 918 3085 3086 3087
1428 9 0 899 918 900 3087 3088 3030
1429 9 0 900 918 919 3088 3089 3090
1430 9 0 900 919 901 3090 3091 3033
1431 9 0 901 919 920 3091 3092 3093
1432 9 0 901 920 902 3093 3094 3036
1433 9 0 902 920 921 3094 3095 3096
1434 9 0 902 921 903 3096 3097 3039
1435 9 0 903 921 922 3097 3098 3099
1436 9 0 903 922 904 3099 3100 3042
1437 9 0 904 922 923 3100 3101 3102
1438 9 0 904 923 126 3102 3103 3045
1439 9 0 126 923 125 3103 3104 165
1440 9 0 39 40 905 79 3105 3047
1441 9 0 905 40 924 3105 3106 3107
1442 9 0 905 924 906 3107 3108 3050
1443 9 0 906 924 925 3108 3109 3110
1444 9 0 906 925 907 3110 3111 3053
1445 9 0 907 925 926 3111 3112 3113
1446 9 0 907 926 908 3113 3114 3056
1447 9 0 908 926 927 3114 3115 3116
1448 9 0 908 927 909 3116 3117 3059
1449 9 0 909 927 928 3117 3118 3119
1450 9 0 909 928 910 3119 3120 3062
1451 9 0 910 928 929 3120 3121 3122
1452 9 0 910 929 911 3122 3123 3065
1453 9 0 911 929 930 3123 3124 3125
1454 9 0 911 930 912 3125 3126 3068
1455 9 0 912 930 931 3126 3127 3128
1456 9 0 912 931 913 3128 3129 3071
1457 9 0 913 931 932 3129 3130 3131
1458 9 0 913 932 914 3131 3132 3074
1459 9 0 914 932 933 3132 3133 3134
1460 9 0 914 933 915 3134 3135 3077
1461 9 0 915 933 934 3135 3136 3137
1462 9 0 915 934 916 3137 3138 3080
1463 9 0 916 934 935 3138 3139 3140
1464 9 0 916 935 917 3140 3141 3083
1465 9 0 917 935 936 3141 3142 3143
1466 9 0 917 936 918 3143 3144 3086
1467 9 0 918 936 937 3144 3145 3146
1468 9 0 918 937 919 3146 3147 3089
1469 9 0 919 937 938 3147 3148 3149
1470 9 0 919 938 920 3149 3150 3092
1471 9 0 920 938 939 3150 3151 3152
1472 9 0 920 939 921 3152 3153 3095
1473 9 0 921 939 940 3153 3154 3155
1474 9 0 921 940 922 3155 3156 3098
1475 9 0 922 940 941 3156 3157 3158
1476 9 0 922 941 923 3158 3159 3101
1477 9 0 923 941 942 3159 3160 3161
1478 9 0 923 942 125 3161 3162 3104
1479 9 0 125 942 124 3162 3163 164
1480 9 0 40 41 924 80 3164 3106
1481 9 0 924 41 943 3164 3165 3166
1482 9 0 924 943 925 3166 3167 3109
1483 9 0 925 943 944 3167 3168 3169
1484 9 0 925 944 926 3169 3170 3112
1485 9 0 926 944 945 3170 3171 3172
1486 9 0 926 945 927 3172 3173 3115
1487 9 0 927 945 946 3173 3174 3175
1488 9 0 927 946 928 3175 3176 3118
1489 9 0 928 946 947 3176 3177 3178
1490 9 0 928 947 929 3178 3179 3121
1491 9 0 929 947 948 3179 3180 3181
1492 9 0 929 948 930 3181 3182 3124
1493 9 0 930 948 949 3182 3183 3184
1494 9 0 930 949 931 3184 3185 3127
1495 9 0 931 949 950 3185 3186 3187
1496 9 0 931 950 932 3187 3188 3130
1497 9 0 932 950 951 3188 3189 3190
1498 9 0 932 951 933 3190 3191 3133
1499 9 0 933 951 952 3191 3192 3193
1500 9 0 933 952 934 3193 3194 3136
1501 9 0 934 952 953 3194 3195 3196
1502 9 0 934 953 935 3196 3197 3139
1503 9 0 935 953 954 3197 3198 3199
1504 9 0 935 954 936 3199 3200 3142
1505 9 0 936 954 955 3200 3201 3202
1506 9 0 936 955 937 3202 3203 3145
1507 9 0 937 955 956 3203 3204 3205
1508 9 0 937 956 938 3205 3206 3148
1509 9 0 938 956 957 3206 3207 3208
1510 9 0 938 957 939 3208 3209 3151
1511 9 0 939 957 958 3209 3210 3211
1512 9 0 939 958 940 3211 3212 3154
1513 9 0 940 958 959 3212 3213 3214
1514 9 0 940 959 941 3214 3215 3157
1515 9 0 941 959 960 3215 3216 3217
1516 9 0 941 960 942 3217 3218 3160
1517 9 0 942 960 961 3218 3219 3220
1518 9 0 942 961 124 3220 3221 3163
1519 9 0 124 961 123 3221 3222 163
1520 9 0 41 42 943 81 3223 3165
1521 9 0 943 42 962 3223 3224 3225
1522 9 0 943 962 944 3225 3226 3168
1523 9 0 944 962 963 3226 3227 3228
1524 9 0 944 963 945 3228 3229 3171
1525 9 0 945 963 964 3229 3230 3231
1526 9 0 945 964 946 3231 3232 3174
1527 9 0 946 964 965 3232 3233 3234
1528 9 0 946 965 947 3234 3235 3177
1529 9 0 947 965 966 3235 3236 3237
1530 9 0 947 966 948 3237 3238 3180
1531 9 0 948 966 967 3238 3239 3240
1532 9 0 948 967 949 3240 3241 3183
1533 9 0 949 967 968 3241 3242 3243
1534 9 0 949 968 950 3243 3244 3186
1535 9 0 950 968 969 3244 3245 3246
1536 9 0 950 969 951 3246 3247 3189
1537 9 0 951 969 970 3247 3248 3249
1538 9 0 951 970 952 3249 3250 3192
1539 9 0 952 970 971 3250 3251 3252
1540 9 0 952 971 953 3252 3253 3195
1541 9 0 953 971 972 3253 3254 3255
1542 9 0 953 972 954 3255 3256 3198
1543 9 0 954 972 973 3256 3257 3258
1544 9 0 954 973 955 3258 3259 3201
1545 9 0 955 973 974 3259 3260 3261
1546 9 0 955 974 956 3261 3262 3204
1547 9 0 956 974 975 3262 3263 3264
1548 9 0 956 975 957 3264 3265 3207
1549 9 0 957 975 976 3265 3266 3267
1550 9 0 957 976 958 3267 3268 3210
1551 9 0 958 976 977 3268 3269 3270
1552 9 0 958 977 959 3270 3271 3213
1553 9 0 959 977 978 3271 3272 3273
1554 9 0 959 978 960 3273 3274 3216
1555 9 0 960 978 979 3274 3275 3276
1556 9 0 960 979 961 3276 3277 3219
1557 9 0 961 979 980 3277 3278 3279
1558 9 0 961 980 123 3279 3280 3222
1559 9 0 123 980 122 3280 3281 162
1560 9 0 42 1 962 82 3282 3224
1561 9 0 962 1 83 3282 102 3283
1562 9 0 962 83 963 3283 3284 3227
1563 9 0 963 83 84 3284 103 3285
1564 9 0 963 84 964 3285 3286 3230
1565 9 0 964 84 85 3286 104 3287
1566 9 0 964 85 965 3287 3288 3233
1567 9 0 965 85 86 3288 105 3289
1568 9 0 965 86 966 3289 3290 3236
1569 9 0 966 86 87 3290 106 3291
1570 9 0 966 87 967 3291 3292 3239
1571 9 0 967 87 88 3292 107 3293
1572 9 0 967 88 968 3293 3294 3242
1573 9 0 968 88 89 3294 108 3295
1574 9 0 968 89 969 3295 3296 3245
1575 9 0 969 89 90 3296 109 3297
1576 9 0 969 90 970 3297 3298 3248
1577 9 0 970 90 91 3298 110 3299
1578 9 0 970 91 971 3299 3300 3251
1579 9 0 971 91 92 3300 111 3301
1580 9 0 971 92 972 3301 3302 3254
1581 9 0 972 92 93 3302 112 3303
1582 9 0 972 93 973 3303 3304 3257
1583 9 0 973 93 94 3304 113 3305
1584 9 0 973 94 974 3305 3306 3260
1585 9 0 974 94 95 3306 114 3307
1586 9 0 974 95 975 3307 3308 3263
1587 9 0 975 95 96 3308 115 3309
1588 9 0 975 96 976 3309 3310 3266
1589 9 0 976 96 97 3310 116 3311
1590 9 0 976 97 977 3311 3312 3269
1591 9 0 977 97 98 3312 117 3313
1592 9 0 977 98 978 3313 3314 3272
1593 9 0 978 98 99 3314 118 3315
1594 9 0 978 99 979 3315 3316 3275
1595 9 0 979 99 100 3316 119 3317
1596 9 0 979 100 980 3317 3318 3278
1597 9 0 980 100 101 3318 120 3319
1598 9 0 980 101 122 3319 3320 3281
1599 9 0 122 101 2 3320 121 161
