0 0.0000 -1.0000
1 4.0000 -1.0000
2 4.0000 1.0000
3 0.0000 1.0000
4 0.1000 -1.0000
5 0.2000 -1.0000
6 0.3000 -1.0000
7 0.4000 -1.0000
8 0.5000 -1.0000
9 0.6000 -1.0000
10 0.7000 -1.0000
11 0.8000 -1.0000
12 0.9000 -1.0000
13 1.0000 -1.0000
14 1.1000 -1.0000
15 1.2000 -1.0000
16 1.3000 -1.0000
17 1.4000 -1.0000
18 1.5000 -1.0000
19 1.6000 -1.0000
20 1.7000 -1.0000
21 1.8000 -1.0000
22 1.9000 -1.0000
23 2.0000 -1.0000
24 2.1000 -1.0000
25 2.2000 -1.0000
26 2.3000 -1.0000
27 2.4000 -1.0000
28 2.5000 -1.0000
29 2.6000 -1.0000
30 2.7000 -1.0000
31 2.8000 -1.0000
32 2.9000 -1.0000
33 3.0000 -1.0000
34 3.1000 -1.0000
35 3.2000 -1.0000
36 3.3000 -1.0000
37 3.4000 -1.0000
38 3.5000 -1.0000
39 3.6000 -1.0000
40 3.7000 -1.0000
41 3.8000 -1.0000
42 3.9000 -1.0000
43 0.0500 -1.0000
44 0.1500 -1.0000
45 0.2500 -1.0000
46 0.3500 -1.0000
47 0.4500 -1.0000
48 0.5500 -1.0000
49 0.6500 -1.0000
50 0.7500 -1.0000
51 0.8500 -1.0000
52 0.9500 -1.0000
53 1.0500 -1.0000
54 1.1500 -1.0000
55 1.2500 -1.0000
56 1.3500 -1.0000
57 1.4500 -1.0000
58 1.5500 -1.0000
59 1.6500 -1.0000
60 1.7500 -1.0000
61 1.8500 -1.0000
62 1.9500 -1.0000
63 2.0500 -1.0000
64 2.1500 -1.0000
65 2.2500 -1.0000
66 2.3500 -1.0000
67 2.4500 -1.0000
68 2.5500 -1.0000
69 2.6500 -1.0000
70 2.7500 -1.0000
71 2.8500 -1.0000
72 2.9500 -1.0000
73 3.0500 -1.0000
74 3.1500 -1.0000
75 3.2500 -1.0000
76 3.3500 -1.0000
77 3.4500 -1.0000
78 3.5500 -1.0000
79 3.6500 -1.0000
80 3.7500 -1.0000
81 3.8500 -1.0000
82 3.9500 -1.0000
83 4.0000 -0.9000
84 4.0000 -0.8000
85 4.0000 -0.7000
86 4.0000 -0.6000
87 4.0000 -0.5000
88 4.0000 -0.4000
89 4.0000 -0.3000
90 4.0000 -0.2000
91 4.0000 -0.1000
92 4.0000 -0.0000
93 4.0000 0.1000
94 4.0000 0.2000
95 4.0000 0.3000
96 4.0000 0.4000
97 4.0000 0.5000
98 4.0000 0.6000
99 4.0000 0.7000
100 4.0000 0.8000
101 4.0000 0.9000
102 4.0000 -0.9500
103 4.0000 -0.8500
104 4.0000 -0.7500
105 4.0000 -0.6500
106 4.0000 -0.5500
107 4.0000 -0.4500
108 4.0000 -0.3500
109 4.0000 -0.2500
110 4.0000 -0.1500
111 4.0000 -0.0500
112 4.0000 0.0500
113 4.0000 0.1500
114 4.0000 0.2500
115 4.0000 0.3500
116 4.0000 0.4500
117 4.0000 0.5500
118 4.0000 0.6500
119 4.0000 0.7500
120 4.0000 0.8500
121 4.0000 0.9500
122 3.9000 1.0000
123 3.8000 1.0000
124 3.7000 1.0000
125 3.6000 1.0000
126 3.5000 1.0000
127 3.4000 1.0000
128 3.3000 1.0000
129 3.2000 1.0000
130 3.1000 1.0000
131 3.0000 1.0000
132 2.9000 1.0000
133 2.8000 1.0000
134 2.7000 1.0000
135 2.6000 1.0000
136 2.5000 1.0000
137 2.4000 1.0000
138 2.3000 1.0000
139 2.2000 1.0000
140 2.1000 1.0000
141 2.0000 1.0000
142 1.9000 1.0000
143 1.8000 1.0000
144 1.7000 1.0000
145 1.6000 1.0000
146 1.5000 1.0000
147 1.4000 1.0000
148 1.3000 1.0000
149 1.2000 1.0000
150 1.1000 1.0000
151 1.0000 1.0000
152 0.9000 1.0000
153 0.8000 1.0000
154 0.7000 1.0000
155 0.6000 1.0000
156 0.5000 1.0000
157 0.4000 1.0000
158 0.3000 1.0000
159 0.2000 1.0000
160 0.1000 1.0000
161 3.9500 1.0000
162 3.8500 1.0000
163 3.7500 1.0000
164 3.6500 1.0000
165 3.5500 1.0000
166 3.4500 1.0000
167 3.3500 1.0000
168 3.2500 1.0000
169 3.1500 1.0000
170 3.0500 1.0000
171 2.9500 1.0000
172 2.8500 1.0000
173 2.7500 1.0000
174 2.6500 1.0000
175 2.5500 1.0000
176 2.4500 1.0000
177 2.3500 1.0000
178 2.2500 1.0000
179 2.1500 1.0000
180 2.0500 1.0000
181 1.9500 1.0000
182 1.8500 1.0000
183 1.7500 1.0000
184 1.6500 1.0000
185 1.5500 1.0000
186 1.4500 1.0000
187 1.3500 1.0000
188 1.2500 1.0000
189 1.1500 1.0000
190 1.0500 1.0000
191 0.9500 1.0000
192 0.8500 1.0000
193 0.7500 1.0000
194 0.6500 1.0000
195 0.5500 1.0000
196 0.4500 1.0000
197 0.3500 1.0000
198 0.2500 1.0000
199 0.1500 1.0000
200 0.0500 1.0000
201 0.0000 0.9000
202 0.0000 0.8000
203 0.0000 0.7000
204 0.0000 0.6000
205 0.0000 0.5000
206 0.0000 0.4000
207 0.0000 0.3000
208 0.0000 0.2000
209 0.0000 0.1000
210 0.0000 0.0000
211 0.0000 -0.1000
212 0.0000 -0.2000
213 0.0000 -0.3000
214 0.0000 -0.4000
215 0.0000 -0.5000
216 0.0000 -0.6000
217 0.0000 -0.7000
218 0.0000 -0.8000
219 0.0000 -0.9000
220 0.0000 0.9500
221 0.0000 0.8500
222 0.0000 0.7500
223 0.0000 0.6500
224 0.0000 0.5500
225 0.0000 0.4500
226 0.0000 0.3500
227 0.0000 0.2500
228 0.0000 0.1500
229 0.0000 0.0500
230 0.0000 -0.0500
231 0.0000 -0.1500
232 0.0000 -0.2500
233 0.0000 -0.3500
234 0.0000 -0.4500
235 0.0000 -0.5500
236 0.0000 -0.6500
237 0.0000 -0.7500
238 0.0000 -0.8500
239 0.0000 -0.9500
240 0.1000 -0.9000
241 0.1000 -0.8000
242 0.1000 -0.7000
243 0.1000 -0.6000
244 0.1000 -0.5000
245 0.1000 -0.4000
246 0.1000 -0.3000
247 0.1000 -0.2000
248 0.1000 -0.1000
249 0.1000 0.0000
250 0.1000 0.1000
251 0.1000 0.2000
252 0.1000 0.3000
253 0.1000 0.4000
254 0.1000 0.5000
255 0.1000 0.6000
256 0.1000 0.7000
257 0.1000 0.8000
258 0.1000 0.9000
259 0.2000 -0.9000
260 0.2000 -0.8000
261 0.2000 -0.7000
262 0.2000 -0.6000
263 0.2000 -0.5000
264 0.2000 -0.4000
265 0.2000 -0.3000
266 0.2000 -0.2000
267 0.2000 -0.1000
268 0.2000 0.0000
269 0.2000 0.1000
270 0.2000 0.2000
271 0.2000 0.3000
272 0.2000 0.4000
273 0.2000 0.5000
274 0.2000 0.6000
275 0.2000 0.7000
276 0.2000 0.8000
277 0.2000 0.9000
278 0.3000 -0.9000
279 0.3000 -0.8000
280 0.3000 -0.7000
281 0.3000 -0.6000
282 0.3000 -0.5000
283 0.3000 -0.4000
284 0.3000 -0.3000
285 0.3000 -0.2000
286 0.3000 -0.1000
287 0.3000 0.0000
288 0.3000 0.1000
289 0.3000 0.2000
290 0.3000 0.3000
291 0.3000 0.4000
292 0.3000 0.5000
293 0.3000 0.6000
294 0.3000 0.7000
295 0.3000 0.8000
296 0.3000 0.9000
297 0.4000 -0.9000
298 0.4000 -0.8000
299 0.4000 -0.7000
300 0.4000 -0.6000
301 0.4000 -0.5000
302 0.4000 -0.4000
303 0.4000 -0.3000
304 0.4000 -0.2000
305 0.4000 -0.1000
306 0.4000 0.0000
307 0.4000 0.1000
308 0.4000 0.2000
309 0.4000 0.3000
310 0.4000 0.4000
311 0.4000 0.5000
312 0.4000 0.6000
313 0.4000 0.7000
314 0.4000 0.8000
315 0.4000 0.9000
316 0.5000 -0.9000
317 0.5000 -0.8000
318 0.5000 -0.7000
319 0.5000 -0.6000
320 0.5000 -0.5000
321 0.5000 -0.4000
322 0.5000 -0.3000
323 0.5000 -0.2000
324 0.5000 -0.1000
325 0.5000 0.0000
326 0.5000 0.1000
327 0.5000 0.2000
328 0.5000 0.3000
329 0.5000 0.4000
330 0.5000 0.5000
331 0.5000 0.6000
332 0.5000 0.7000
333 0.5000 0.8000
334 0.5000 0.9000
335 0.6000 -0.9000
336 0.6000 -0.8000
337 0.6000 -0.7000
338 0.6000 -0.6000
339 0.6000 -0.5000
340 0.6000 -0.4000
341 0.6000 -0.3000
342 0.6000 -0.2000
343 0.6000 -0.1000
344 0.6000 0.0000
345 0.6000 0.1000
346 0.6000 0.2000
347 0.6000 0.3000
348 0.6000 0.4000
349 0.6000 0.5000
350 0.6000 0.6000
351 0.6000 0.7000
352 0.6000 0.8000
353 0.6000 0.9000
354 0.7000 -0.9000
355 0.7000 -0.8000
356 0.7000 -0.7000
357 0.7000 -0.6000
358 0.7000 -0.5000
359 0.7000 -0.4000
360 0.7000 -0.3000
361 0.7000 -0.2000
362 0.7000 -0.1000
363 0.7000 0.0000
364 0.7000 0.1000
365 0.7000 0.2000
366 0.7000 0.3000
367 0.7000 0.4000
368 0.7000 0.5000
369 0.7000 0.6000
370 0.7000 0.7000
371 0.7000 0.8000
372 0.7000 0.9000
373 0.8000 -0.9000
374 0.8000 -0.8000
375 0.8000 -0.7000
376 0.8000 -0.6000
377 0.8000 -0.5000
378 0.8000 -0.4000
379 0.8000 -0.3000
380 0.8000 -0.2000
381 0.8000 -0.1000
382 0.8000 0.0000
383 0.8000 0.1000
384 0.8000 0.2000
385 0.8000 0.3000
386 0.8000 0.4000
387 0.8000 0.5000
388 0.8000 0.6000
389 0.8000 0.7000
390 0.8000 0.8000
391 0.8000 0.9000
392 0.9000 -0.9000
393 0.9000 -0.8000
394 0.9000 -0.7000
395 0.9000 -0.6000
396 0.9000 -0.5000
397 0.9000 -0.4000
398 0.9000 -0.3000
399 0.9000 -0.2000
400 0.9000 -0.1000
401 0.9000 0.0000
402 0.9000 0.1000
403 0.9000 0.2000
404 0.9000 0.3000
405 0.9000 0.4000
406 0.9000 0.5000
407 0.9000 0.6000
408 0.9000 0.7000
409 0.9000 0.8000
410 0.9000 0.9000
411 1.0000 -0.9000
412 1.0000 -0.8000
413 1.0000 -0.7000
414 1.0000 -0.6000
415 1.0000 -0.5000
416 1.0000 -0.4000
417 1.0000 -0.3000
418 1.0000 -0.2000
419 1.0000 -0.1000
420 1.0000 0.0000
421 1.0000 0.1000
422 1.0000 0.2000
423 1.0000 0.3000
424 1.0000 0.4000
425 1.0000 0.5000
426 1.0000 0.6000
427 1.0000 0.7000
428 1.0000 0.8000
429 1.0000 0.9000
430 1.1000 -0.9000
431 1.1000 -0.8000
432 1.1000 -0.7000
433 1.1000 -0.6000
434 1.1000 -0.5000
435 1.1000 -0.4000
436 1.1000 -0.3000
437 1.1000 -0.2000
438 1.1000 -0.1000
439 1.1000 0.0000
440 1.1000 0.1000
441 1.1000 0.2000
442 1.1000 0.3000
443 1.1000 0.4000
444 1.1000 0.5000
445 1.1000 0.6000
446 1.1000 0.7000
447 1.1000 0.8000
448 1.1000 0.9000
449 1.2000 -0.9000
450 1.2000 -0.8000
451 1.2000 -0.7000
452 1.2000 -0.6000
453 1.2000 -0.5000
454 1.2000 -0.4000
455 1.2000 -0.3000
456 1.2000 -0.2000
457 1.2000 -0.1000
458 1.2000 0.0000
459 1.2000 0.1000
460 1.2000 0.2000
461 1.2000 0.3000
462 1.2000 0.4000
463 1.2000 0.5000
464 1.2000 0.6000
465 1.2000 0.7000
466 1.2000 0.8000
467 1.2000 0.9000
468 1.3000 -0.9000
469 1.3000 -0.8000
470 1.3000 -0.7000
471 1.3000 -0.6000
472 1.3000 -0.5000
473 1.3000 -0.4000
474 1.3000 -0.3000
475 1.3000 -0.2000
476 1.3000 -0.1000
477 1.3000 0.0000
478 1.3000 0.1000
479 1.3000 0.2000
480 1.3000 0.3000
481 1.3000 0.4000
482 1.3000 0.5000
483 1.3000 0.6000
484 1.3000 0.7000
485 1.3000 0.8000
486 1.3000 0.9000
487 1.4000 -0.9000
488 1.4000 -0.8000
489 1.4000 -0.7000
490 1.4000 -0.6000
491 1.4000 -0.5000
492 1.4000 -0.4000
493 1.4000 -0.3000
494 1.4000 -0.2000
495 1.4000 -0.1000
496 1.4000 0.0000
497 1.4000 0.1000
498 1.4000 0.2000
499 1.4000 0.3000
500 1.4000 0.4000
501 1.4000 0.5000
502 1.4000 0.6000
503 1.4000 0.7000
504 1.4000 0.8000
505 1.4000 0.9000
506 1.5000 -0.9000
507 1.5000 -0.8000
508 1.5000 -0.7000
509 1.5000 -0.6000
510 1.5000 -0.5000
511 1.5000 -0.4000
512 1.5000 -0.3000
513 1.5000 -0.2000
514 1.5000 -0.1000
515 1.5000 0.0000
516 1.5000 0.1000
517 1.5000 0.2000
518 1.5000 0.3000
519 1.5000 0.4000
520 1.5000 0.5000
521 1.5000 0.6000
522 1.5000 0.7000
523 1.5000 0.8000
524 1.5000 0.9000
525 1.6000 -0.9000
526 1.6000 -0.8000
527 1.6000 -0.7000
528 1.6000 -0.6000
529 1.6000 -0.5000
530 1.6000 -0.4000
531 1.6000 -0.3000
532 1.6000 -0.2000
533 1.6000 -0.1000
534 1.6000 0.0000
535 1.6000 0.1000
536 1.6000 0.2000
537 1.6000 0.3000
538 1.6000 0.4000
539 1.6000 0.5000
540 1.6000 0.6000
541 1.6000 0.7000
542 1.6000 0.8000
543 1.6000 0.9000
544 1.7000 -0.9000
545 1.7000 -0.8000
546 1.7000 -0.7000
547 1.7000 -0.6000
548 1.7000 -0.5000
549 1.7000 -0.4000
550 1.7000 -0.3000
551 1.7000 -0.2000
552 1.7000 -0.1000
553 1.7000 0.0000
554 1.7000 0.1000
555 1.7000 0.2000
556 1.7000 0.3000
557 1.7000 0.4000
558 1.7000 0.5000
559 1.7000 0.6000
560 1.7000 0.7000
561 1.7000 0.8000
562 1.7000 0.9000
563 1.8000 -0.9000
564 1.8000 -0.8000
565 1.8000 -0.7000
566 1.8000 -0.6000
567 1.8000 -0.5000
568 1.8000 -0.4000
569 1.8000 -0.3000
570 1.8000 -0.2000
571 1.8000 -0.1000
572 1.8000 0.0000
573 1.8000 0.1000
574 1.8000 0.2000
575 1.8000 0.3000
576 1.8000 0.4000
577 1.8000 0.5000
578 1.8000 0.6000
579 1.8000 0.7000
580 1.8000 0.8000
581 1.8000 0.9000
582 1.9000 -0.9000
583 1.9000 -0.8000
584 1.9000 -0.7000
585 1.9000 -0.6000
586 1.9000 -0.5000
587 1.9000 -0.4000
588 1.9000 -0.3000
589 1.9000 -0.2000
590 1.9000 -0.1000
591 1.9000 0.0000
592 1.9000 0.1000
593 1.9000 0.2000
594 1.9000 0.3000
595 1.9000 0.4000
596 1.9000 0.5000
597 1.9000 0.6000
598 1.9000 0.7000
599 1.9000 0.8000
600 1.9000 0.9000
601 2.0000 -0.9000
602 2.0000 -0.8000
603 2.0000 -0.7000
604 2.0000 -0.6000
605 2.0000 -0.5000
606 2.0000 -0.4000
607 2.0000 -0.3000
608 2.0000 -0.2000
609 2.0000 -0.1000
610 2.0000 0.0000
611 2.0000 0.1000
612 2.0000 0.2000
613 2.0000 0.3000
614 2.0000 0.4000
615 2.0000 0.5000
616 2.0000 0.6000
617 2.0000 0.7000
618 2.0000 0.8000
619 2.0000 0.9000
620 2.1000 -0.9000
621 2.1000 -0.8000
622 2.1000 -0.7000
623 2.1000 -0.6000
624 2.1000 -0.5000
625 2.1000 -0.4000
626 2.1000 -0.3000
627 2.1000 -0.2000
628 2.1000 -0.1000
629 2.1000 -0.0000
630 2.1000 0.1000
631 2.1000 0.2000
632 2.1000 0.3000
633 2.1000 0.4000
634 2.1000 0.5000
635 2.1000 0.6000
636 2.1000 0.7000
637 2.1000 0.8000
638 2.1000 0.9000
639 2.2000 -0.9000
640 2.2000 -0.8000
641 2.2000 -0.7000
642 2.2000 -0.6000
643 2.2000 -0.5000
644 2.2000 -0.4000
645 2.2000 -0.3000
646 2.2000 -0.2000
647 2.2000 -0.1000
648 2.2000 -0.0000
649 2.2000 0.1000
650 2.2000 0.2000
651 2.2000 0.3000
652 2.2000 0.4000
653 2.2000 0.5000
654 2.2000 0.6000
655 2.2000 0.7000
656 2.2000 0.8000
657 2.2000 0.9000
658 2.3000 -0.9000
659 2.3000 -0.8000
660 2.3000 -0.7000
661 2.3000 -0.6000
662 2.3000 -0.5000
663 2.3000 -0.4000
664 2.3000 -0.3000
665 2.3000 -0.2000
666 2.3000 -0.1000
667 2.3000 -0.0000
668 2.3000 0.1000
669 2.3000 0.2000
670 2.3000 0.3000
671 2.3000 0.4000
672 2.3000 0.5000
673 2.3000 0.6000
674 2.3000 0.7000
675 2.3000 0.8000
676 2.3000 0.9000
677 2.4000 -0.9000
678 2.4000 -0.8000
679 2.4000 -0.7000
680 2.4000 -0.6000
681 2.4000 -0.5000
682 2.4000 -0.4000
683 2.4000 -0.3000
684 2.4000 -0.2000
685 2.4000 -0.1000
686 2.4000 -0.0000
687 2.4000 0.1000
688 2.4000 0.2000
689 2.4000 0.3000
690 2.4000 0.4000
691 2.4000 0.5000
692 2.4000 0.6000
693 2.4000 0.7000
694 2.4000 0.8000
695 2.4000 0.9000
696 2.5000 -0.9000
697 2.5000 -0.8000
698 2.5000 -0.7000
699 2.5000 -0.6000
700 2.5000 -0.5000
701 2.5000 -0.4000
702 2.5000 -0.3000
703 2.5000 -0.2000
704 2.5000 -0.1000
705 2.5000 -0.0000
706 2.5000 0.1000
707 2.5000 0.2000
708 2.5000 0.3000
709 2.5000 0.4000
710 2.5000 0.5000
711 2.5000 0.6000
712 2.5000 0.7000
713 2.5000 0.8000
714 2.5000 0.9000
715 2.6000 -0.9000
716 2.6000 -0.8000
717 2.6000 -0.7000
718 2.6000 -0.6000
719 2.6000 -0.5000
720 2.6000 -0.4000
721 2.6000 -0.3000
722 2.6000 -0.2000
723 2.6000 -0.1000
724 2.6000 -0.0000
725 2.6000 0.1000
726 2.6000 0.2000
727 2.6000 0.3000
728 2.6000 0.4000
729 2.6000 0.5000
730 2.6000 0.6000
731 2.6000 0.7000
732 2.6000 0.8000
733 2.6000 0.9000
734 2.7000 -0.9000
735 2.7000 -0.8000
736 2.7000 -0.7000
737 2.7000 -0.6000
738 2.7000 -0.5000
739 2.7000 -0.4000
740 2.7000 -0.3000
741 2.7000 -0.2000
742 2.7000 -0.1000
743 2.7000 -0.0000
744 2.7000 0.1000
745 2.7000 0.2000
746 2.7000 0.3000
747 2.7000 0.4000
748 2.7000 0.5000
749 2.7000 0.6000
750 2.7000 0.7000
751 2.7000 0.8000
752 2.7000 0.9000
753 2.8000 -0.9000
754 2.8000 -0.8000
755 2.8000 -0.7000
756 2.8000 -0.6000
757 2.8000 -0.5000
758 2.8000 -0.4000
759 2.8000 -0.3000
760 2.8000 -0.2000
761 2.8000 -0.1000
762 2.8000 -0.0000
763 2.8000 0.1000
764 2.8000 0.2000
765 2.8000 0.3000
766 2.8000 0.4000
767 2.8000 0.5000
768 2.8000 0.6000
769 2.8000 0.7000
770 2.8000 0.8000
771 2.8000 0.9000
772 2.9000 -0.9000
773 2.9000 -0.8000
774 2.9000 -0.7000
775 2.9000 -0.6000
776 2.9000 -0.5000
777 2.9000 -0.4000
778 2.9000 -0.3000
779 2.9000 -0.2000
780 2.9000 -0.1000
781 2.9000 -0.0000
782 2.9000 0.1000
783 2.9000 0.2000
784 2.9000 0.3000
785 2.9000 0.4000
786 2.9000 0.5000
787 2.9000 0.6000
788 2.9000 0.7000
789 2.9000 0.8000
790 2.9000 0.9000
791 3.0000 -0.9000
792 3.0000 -0.8000
793 3.0000 -0.7000
794 3.0000 -0.6000
795 3.0000 -0.5000
796 3.0000 -0.4000
797 3.0000 -0.3000
798 3.0000 -0.2000
799 3.0000 -0.1000
800 3.0000 -0.0000
801 3.0000 0.1000
802 3.0000 0.2000
803 3.0000 0.3000
804 3.0000 0.4000
805 3.0000 0.5000
806 3.0000 0.6000
807 3.0000 0.7000
808 3.0000 0.8000
809 3.0000 0.9000
810 3.1000 -0.9000
811 3.1000 -0.8000
812 3.1000 -0.7000
813 3.1000 -0.6000
814 3.1000 -0.5000
815 3.1000 -0.4000
816 3.1000 -0.3000
817 3.1000 -0.2000
818 3.1000 -0.1000
819 3.1000 -0.0000
820 3.1000 0.1000
821 3.1000 0.2000
822 3.1000 0.3000
823 3.1000 0.4000
824 3.1000 0.5000
825 3.1000 0.6000
826 3.1000 0.7000
827 3.1000 0.8000
828 3.1000 0.9000
829 3.2000 -0.9000
830 3.2000 -0.8000
831 3.2000 -0.7000
832 3.2000 -0.6000
833 3.2000 -0.5000
834 3.2000 -0.4000
835 3.2000 -0.3000
836 3.2000 -0.2000
837 3.2000 -0.1000
838 3.2000 -0.0000
839 3.2000 0.1000
840 3.2000 0.2000
841 3.2000 0.3000
842 3.2000 0.4000
843 3.2000 0.5000
844 3.2000 0.6000
845 3.2000 0.7000
846 3.2000 0.8000
847 3.2000 0.9000
848 3.3000 -0.9000
849 3.3000 -0.8000
850 3.3000 -0.7000
851 3.3000 -0.6000
852 3.3000 -0.5000
853 3.3000 -0.4000
854 3.3000 -0.3000
855 3.3000 -0.2000
856 3.3000 -0.1000
857 3.3000 -0.0000
858 3.3000 0.1000
859 3.3000 0.2000
860 3.3000 0.3000
861 3.3000 0.4000
862 3.3000 0.5000
863 3.3000 0.6000
864 3.3000 0.7000
865 3.3000 0.8000
866 3.3000 0.9000
867 3.4000 -0.9000
868 3.4000 -0.8000
869 3.4000 -0.7000
870 3.4000 -0.6000
871 3.4000 -0.5000
872 3.4000 -0.4000
873 3.4000 -0.3000
874 3.4000 -0.2000
875 3.4000 -0.1000
876 3.4000 -0.0000
877 3.4000 0.1000
878 3.4000 0.2000
879 3.4000 0.3000
880 3.4000 0.4000
881 3.4000 0.5000
882 3.4000 0.6000
883 3.4000 0.7000
884 3.4000 0.8000
885 3.4000 0.9000
886 3.5000 -0.9000
887 3.5000 -0.8000
888 3.5000 -0.7000
889 3.5000 -0.6000
890 3.5000 -0.5000
891 3.5000 -0.4000
892 3.5000 -0.3000
893 3.5000 -0.2000
894 3.5000 -0.1000
895 3.5000 -0.0000
896 3.5000 0.1000
897 3.5000 0.2000
898 3.5000 0.3000
899 3.5000 0.4000
900 3.5000 0.5000
901 3.5000 0.6000
902 3.5000 0.7000
903 3.5000 0.8000
904 3.5000 0.9000
905 3.6000 -0.9000
906 3.6000 -0.8000
907 3.6000 -0.7000
908 3.6000 -0.6000
909 3.6000 -0.5000
910 3.6000 -0.4000
911 3.6000 -0.3000
912 3.6000 -0.2000
913 3.6000 -0.1000
914 3.6000 -0.0000
915 3.6000 0.1000
916 3.6000 0.2000
917 3.6000 0.3000
918 3.6000 0.4000
919 3.6000 0.5000
920 3.6000 0.6000
921 3.6000 0.7000
922 3.6000 0.8000
923 3.6000 0.9000
924 3.7000 -0.9000
925 3.7000 -0.8000
926 3.7000 -0.7000
927 3.7000 -0.6000
928 3.7000 -0.5000
929 3.7000 -0.4000
930 3.7000 -0.3000
931 3.7000 -0.2000
932 3.7000 -0.1000
933 3.7000 -0.0000
934 3.7000 0.1000
935 3.7000 0.2000
936 3.7000 0.3000
937 3.7000 0.4000
938 3.7000 0.5000
939 3.7000 0.6000
940 3.7000 0.7000
941 3.7000 0.8000
942 3.7000 0.9000
943 3.8000 -0.9000
944 3.8000 -0.8000
945 3.8000 -0.7000
946 3.8000 -0.6000
947 3.8000 -0.5000
948 3.8000 -0.4000
949 3.8000 -0.3000
950 3.8000 -0.2000
951 3.8000 -0.1000
952 3.8000 -0.0000
953 3.8000 0.1000
954 3.8000 0.2000
955 3.8000 0.3000
956 3.8000 0.4000
957 3.8000 0.5000
958 3.8000 0.6000
959 3.8000 0.7000
960 3.8000 0.8000
961 3.8000 0.9000
962 3.9000 -0.9000
963 3.9000 -0.8000
964 3.9000 -0.7000
965 3.9000 -0.6000
966 3.9000 -0.5000
967 3.9000 -0.4000
968 3.9000 -0.3000
969 3.9000 -0.2000
970 3.9000 -0.1000
971 3.9000 -0.0000
972 3.9000 0.1000
973 3.9000 0.2000
974 3.9000 0.3000
975 3.9000 0.4000
976 3.9000 0.5000
977 3.9000 0.6000
978 3.9000 0.7000
979 3.9000 0.8000
980 3.9000 0.9000
981 0.0500 -0.9500
982 0.1000 -0.9500
983 0.0500 -0.9000
984 0.0500 -0.8500
985 0.1000 -0.8500
986 0.0500 -0.8000
987 0.0500 -0.7500
988 0.1000 -0.7500
989 0.0500 -0.7000
990 0.0500 -0.6500
991 0.1000 -0.6500
992 0.0500 -0.6000
993 0.0500 -0.5500
994 0.1000 -0.5500
995 0.0500 -0.5000
996 0.0500 -0.4500
997 0.1000 -0.4500
998 0.0500 -0.4000
999 0.0500 -0.3500
1000 0.1000 -0.3500
1001 0.0500 -0.3000
1002 0.0500 -0.2500
1003 0.1000 -0.2500
1004 0.0500 -0.2000
1005 0.0500 -0.1500
1006 0.1000 -0.1500
1007 0.0500 -0.1000
1008 0.0500 -0.0500
1009 0.1000 -0.0500
1010 0.0500 0.0000
1011 0.0500 0.0500
1012 0.1000 0.0500
1013 0.0500 0.1000
1014 0.0500 0.1500
1015 0.1000 0.1500
1016 0.0500 0.2000
1017 0.0500 0.2500
1018 0.1000 0.2500
1019 0.0500 0.3000
1020 0.0500 0.3500
1021 0.1000 0.3500
1022 0.0500 0.4000
1023 0.0500 0.4500
1024 0.1000 0.4500
1025 0.0500 0.5000
1026 0.0500 0.5500
1027 0.1000 0.5500
1028 0.0500 0.6000
1029 0.0500 0.6500
1030 0.1000 0.6500
1031 0.0500 0.7000
1032 0.0500 0.7500
1033 0.1000 0.7500
1034 0.0500 0.8000
1035 0.0500 0.8500
1036 0.1000 0.8500
1037 0.0500 0.9000
1038 0.0500 0.9500
1039 0.1000 0.9500
1040 0.1500 -0.9500
1041 0.2000 -0.9500
1042 0.1500 -0.9000
1043 0.1500 -0.8500
1044 0.2000 -0.8500
1045 0.1500 -0.8000
1046 0.1500 -0.7500
1047 0.2000 -0.7500
1048 0.1500 -0.7000
1049 0.1500 -0.6500
1050 0.2000 -0.6500
1051 0.1500 -0.6000
1052 0.1500 -0.5500
1053 0.2000 -0.5500
1054 0.1500 -0.5000
1055 0.1500 -0.4500
1056 0.2000 -0.4500
1057 0.1500 -0.4000
1058 0.1500 -0.3500
1059 0.2000 -0.3500
1060 0.1500 -0.3000
1061 0.1500 -0.2500
1062 0.2000 -0.2500
1063 0.1500 -0.2000
1064 0.1500 -0.1500
1065 0.2000 -0.1500
1066 0.1500 -0.1000
1067 0.1500 -0.0500
1068 0.2000 -0.0500
1069 0.1500 0.0000
1070 0.1500 0.0500
1071 0.2000 0.0500
1072 0.1500 0.1000
1073 0.1500 0.1500
1074 0.2000 0.1500
1075 0.1500 0.2000
1076 0.1500 0.2500
1077 0.2000 0.2500
1078 0.1500 0.3000
1079 0.1500 0.3500
1080 0.2000 0.3500
1081 0.1500 0.4000
1082 0.1500 0.4500
1083 0.2000 0.4500
1084 0.1500 0.5000
1085 0.1500 0.5500
1086 0.2000 0.5500
1087 0.1500 0.6000
1088 0.1500 0.6500
1089 0.2000 0.6500
1090 0.1500 0.7000
1091 0.1500 0.7500
1092 0.2000 0.7500
1093 0.1500 0.8000
1094 0.1500 0.8500
1095 0.2000 0.8500
1096 0.1500 0.9000
1097 0.1500 0.9500
1098 0.2000 0.9500
1099 0.2500 -0.9500
1100 0.3000 -0.9500
1101 0.2500 -0.9000
1102 0.2500 -0.8500
1103 0.3000 -0.8500
1104 0.2500 -0.8000
1105 0.2500 -0.7500
1106 0.3000 -0.7500
1107 0.2500 -0.7000
1108 0.2500 -0.6500
1109 0.3000 -0.6500
1110 0.2500 -0.6000
1111 0.2500 -0.5500
1112 0.3000 -0.5500
1113 0.2500 -0.5000
1114 0.2500 -0.4500
1115 0.3000 -0.4500
1116 0.2500 -0.4000
1117 0.2500 -0.3500
1118 0.3000 -0.3500
1119 0.2500 -0.3000
1120 0.2500 -0.2500
1121 0.3000 -0.2500
1122 0.2500 -0.2000
1123 0.2500 -0.1500
1124 0.3000 -0.1500
1125 0.2500 -0.1000
1126 0.2500 -0.0500
1127 0.3000 -0.0500
1128 0.2500 0.0000
1129 0.2500 0.0500
1130 0.3000 0.0500
1131 0.2500 0.1000
1132 0.2500 0.1500
1133 0.3000 0.1500
1134 0.2500 0.2000
1135 0.2500 0.2500
1136 0.3000 0.2500
1137 0.2500 0.3000
1138 0.2500 0.3500
1139 0.3000 0.3500
1140 0.2500 0.4000
1141 0.2500 0.4500
1142 0.3000 0.4500
1143 0.2500 0.5000
1144 0.2500 0.5500
1145 0.3000 0.5500
1146 0.2500 0.6000
1147 0.2500 0.6500
1148 0.3000 0.6500
1149 0.2500 0.7000
1150 0.2500 0.7500
1151 0.3000 0.7500
1152 0.2500 0.8000
1153 0.2500 0.8500
1154 0.3000 0.8500
1155 0.2500 0.9000
1156 0.2500 0.9500
1157 0.3000 0.9500
1158 0.3500 -0.9500
1159 0.4000 -0.9500
1160 0.3500 -0.9000
1161 0.3500 -0.8500
1162 0.4000 -0.8500
1163 0.3500 -0.8000
1164 0.3500 -0.7500
1165 0.4000 -0.7500
1166 0.3500 -0.7000
1167 0.3500 -0.6500
1168 0.4000 -0.6500
1169 0.3500 -0.6000
1170 0.3500 -0.5500
1171 0.4000 -0.5500
1172 0.3500 -0.5000
1173 0.3500 -0.4500
1174 0.4000 -0.4500
1175 0.3500 -0.4000
1176 0.3500 -0.3500
1177 0.4000 -0.3500
1178 0.3500 -0.3000
1179 0.3500 -0.2500
1180 0.4000 -0.2500
1181 0.3500 -0.2000
1182 0.3500 -0.1500
1183 0.4000 -0.1500
1184 0.3500 -0.1000
1185 0.3500 -0.0500
1186 0.4000 -0.0500
1187 0.3500 0.0000
1188 0.3500 0.0500
1189 0.4000 0.0500
1190 0.3500 0.1000
1191 0.3500 0.1500
1192 0.4000 0.1500
1193 0.3500 0.2000
1194 0.3500 0.2500
1195 0.4000 0.2500
1196 0.3500 0.3000
1197 0.3500 0.3500
1198 0.4000 0.3500
1199 0.3500 0.4000
1200 0.3500 0.4500
1201 0.4000 0.4500
1202 0.3500 0.5000
1203 0.3500 0.5500
1204 0.4000 0.5500
1205 0.3500 0.6000
1206 0.3500 0.6500
1207 0.4000 0.6500
1208 0.3500 0.7000
1209 0.3500 0.7500
1210 0.4000 0.7500
1211 0.3500 0.8000
1212 0.3500 0.8500
1213 0.4000 0.8500
1214 0.3500 0.9000
1215 0.3500 0.9500
1216 0.4000 0.9500
1217 0.4500 -0.9500
1218 0.5000 -0.9500
1219 0.4500 -0.9000
1220 0.4500 -0.8500
1221 0.5000 -0.8500
1222 0.4500 -0.8000
1223 0.4500 -0.7500
1224 0.5000 -0.7500
1225 0.4500 -0.7000
1226 0.4500 -0.6500
1227 0.5000 -0.6500
1228 0.4500 -0.6000
1229 0.4500 -0.5500
1230 0.5000 -0.5500
1231 0.4500 -0.5000
1232 0.4500 -0.4500
1233 0.5000 -0.4500
1234 0.4500 -0.4000
1235 0.4500 -0.3500
1236 0.5000 -0.3500
1237 0.4500 -0.3000
1238 0.4500 -0.2500
1239 0.5000 -0.2500
1240 0.4500 -0.2000
1241 0.4500 -0.1500
1242 0.5000 -0.1500
1243 0.4500 -0.1000
1244 0.4500 -0.0500
1245 0.5000 -0.0500
1246 0.4500 0.0000
1247 0.4500 0.0500
1248 0.5000 0.0500
1249 0.4500 0.1000
1250 0.4500 0.1500
1251 0.5000 0.1500
1252 0.4500 0.2000
1253 0.4500 0.2500
1254 0.5000 0.2500
1255 0.4500 0.3000
1256 0.4500 0.3500
1257 0.5000 0.3500
1258 0.4500 0.4000
1259 0.4500 0.4500
1260 0.5000 0.4500
1261 0.4500 0.5000
1262 0.4500 0.5500
1263 0.5000 0.5500
1264 0.4500 0.6000
1265 0.4500 0.6500
1266 0.5000 0.6500
1267 0.4500 0.7000
1268 0.4500 0.7500
1269 0.5000 0.7500
1270 0.4500 0.8000
1271 0.4500 0.8500
1272 0.5000 0.8500
1273 0.4500 0.9000
1274 0.4500 0.9500
1275 0.5000 0.9500
1276 0.5500 -0.9500
1277 0.6000 -0.9500
1278 0.5500 -0.9000
1279 0.5500 -0.8500
1280 0.6000 -0.8500
1281 0.5500 -0.8000
1282 0.5500 -0.7500
1283 0.6000 -0.7500
1284 0.5500 -0.7000
1285 0.5500 -0.6500
1286 0.6000 -0.6500
1287 0.5500 -0.6000
1288 0.5500 -0.5500
1289 0.6000 -0.5500
1290 0.5500 -0.5000
1291 0.5500 -0.4500
1292 0.6000 -0.4500
1293 0.5500 -0.4000
1294 0.5500 -0.3500
1295 0.6000 -0.3500
1296 0.5500 -0.3000
1297 0.5500 -0.2500
1298 0.6000 -0.2500
1299 0.5500 -0.2000
1300 0.5500 -0.1500
1301 0.6000 -0.1500
1302 0.5500 -0.1000
1303 0.5500 -0.0500
1304 0.6000 -0.0500
1305 0.5500 0.0000
1306 0.5500 0.0500
1307 0.6000 0.0500
1308 0.5500 0.1000
1309 0.5500 0.1500
1310 0.6000 0.1500
1311 0.5500 0.2000
1312 0.5500 0.2500
1313 0.6000 0.2500
1314 0.5500 0.3000
1315 0.5500 0.3500
1316 0.6000 0.3500
1317 0.5500 0.4000
1318 0.5500 0.4500
1319 0.6000 0.4500
1320 0.5500 0.5000
1321 0.5500 0.5500
1322 0.6000 0.5500
1323 0.5500 0.6000
1324 0.5500 0.6500
1325 0.6000 0.6500
1326 0.5500 0.7000
1327 0.5500 0.7500
1328 0.6000 0.7500
1329 0.5500 0.8000
1330 0.5500 0.8500
1331 0.6000 0.8500
1332 0.5500 0.9000
1333 0.5500 0.9500
1334 0.6000 0.9500
1335 0.6500 -0.9500
1336 0.7000 -0.9500
1337 0.6500 -0.9000
1338 0.6500 -0.8500
1339 0.7000 -0.8500
1340 0.6500 -0.8000
1341 0.6500 -0.7500
1342 0.7000 -0.7500
1343 0.6500 -0.7000
1344 0.6500 -0.6500
1345 0.7000 -0.6500
1346 0.6500 -0.6000
1347 0.6500 -0.5500
1348 0.7000 -0.5500
1349 0.6500 -0.5000
1350 0.6500 -0.4500
1351 0.7000 -0.4500
1352 0.6500 -0.4000
1353 0.6500 -0.3500
1354 0.7000 -0.3500
1355 0.6500 -0.3000
1356 0.6500 -0.2500
1357 0.7000 -0.2500
1358 0.6500 -0.2000
1359 0.6500 -0.1500
1360 0.7000 -0.1500
1361 0.6500 -0.1000
1362 0.6500 -0.0500
1363 0.7000 -0.0500
1364 0.6500 0.0000
1365 0.6500 0.0500
1366 0.7000 0.0500
1367 0.6500 0.1000
1368 0.6500 0.1500
1369 0.7000 0.1500
1370 0.6500 0.2000
1371 0.6500 0.2500
1372 0.7000 0.2500
1373 0.6500 0.3000
1374 0.6500 0.3500
1375 0.7000 0.3500
1376 0.6500 0.4000
1377 0.6500 0.4500
1378 0.7000 0.4500
1379 0.6500 0.5000
1380 0.6500 0.5500
1381 0.7000 0.5500
1382 0.6500 0.6000
1383 0.6500 0.6500
1384 0.7000 0.6500
1385 0.6500 0.7000
1386 0.6500 0.7500
1387 0.7000 0.7500
1388 0.6500 0.8000
1389 0.6500 0.8500
1390 0.7000 0.8500
1391 0.6500 0.9000
1392 0.6500 0.9500
1393 0.7000 0.9500
1394 0.7500 -0.9500
1395 0.8000 -0.9500
1396 0.7500 -0.9000
1397 0.7500 -0.8500
1398 0.8000 -0.8500
1399 0.7500 -0.8000
1400 0.7500 -0.7500
1401 0.8000 -0.7500
1402 0.7500 -0.7000
1403 0.7500 -0.6500
1404 0.8000 -0.6500
1405 0.7500 -0.6000
1406 0.7500 -0.5500
1407 0.8000 -0.5500
1408 0.7500 -0.5000
1409 0.7500 -0.4500
1410 0.8000 -0.4500
1411 0.7500 -0.4000
1412 0.7500 -0.3500
1413 0.8000 -0.3500
1414 0.7500 -0.3000
1415 0.7500 -0.2500
1416 0.8000 -0.2500
1417 0.7500 -0.2000
1418 0.7500 -0.1500
1419 0.8000 -0.1500
1420 0.7500 -0.1000
1421 0.7500 -0.0500
1422 0.8000 -0.0500
1423 0.7500 0.0000
1424 0.7500 0.0500
1425 0.8000 0.0500
1426 0.7500 0.1000
1427 0.7500 0.1500
1428 0.8000 0.1500
1429 0.7500 0.2000
1430 0.7500 0.2500
1431 0.8000 0.2500
1432 0.7500 0.3000
1433 0.7500 0.3500
1434 0.8000 0.3500
1435 0.7500 0.4000
1436 0.7500 0.4500
1437 0.8000 0.4500
1438 0.7500 0.5000
1439 0.7500 0.5500
1440 0.8000 0.5500
1441 0.7500 0.6000
1442 0.7500 0.6500
1443 0.8000 0.6500
1444 0.7500 0.7000
1445 0.7500 0.7500
1446 0.8000 0.7500
1447 0.7500 0.8000
1448 0.7500 0.8500
1449 0.8000 0.8500
1450 0.7500 0.9000
1451 0.7500 0.9500
1452 0.8000 0.9500
1453 0.8500 -0.9500
1454 0.9000 -0.9500
1455 0.8500 -0.9000
1456 0.8500 -0.8500
1457 0.9000 -0.8500
1458 0.8500 -0.8000
1459 0.8500 -0.7500
1460 0.9000 -0.7500
1461 0.8500 -0.7000
1462 0.8500 -0.6500
1463 0.9000 -0.6500
1464 0.8500 -0.6000
1465 0.8500 -0.5500
1466 0.9000 -0.5500
1467 0.8500 -0.5000
1468 0.8500 -0.4500
1469 0.9000 -0.4500
1470 0.8500 -0.4000
1471 0.8500 -0.3500
1472 0.9000 -0.3500
1473 0.8500 -0.3000
1474 0.8500 -0.2500
1475 0.9000 -0.2500
1476 0.8500 -0.2000
1477 0.8500 -0.1500
1478 0.9000 -0.1500
1479 0.8500 -0.1000
1480 0.8500 -0.0500
1481 0.9000 -0.0500
1482 0.8500 0.0000
1483 0.8500 0.0500
1484 0.9000 0.0500
1485 0.8500 0.1000
1486 0.8500 0.1500
1487 0.9000 0.1500
1488 0.8500 0.2000
1489 0.8500 0.2500
1490 0.9000 0.2500
1491 0.8500 0.3000
1492 0.8500 0.3500
1493 0.9000 0.3500
1494 0.8500 0.4000
1495 0.8500 0.4500
1496 0.9000 0.4500
1497 0.8500 0.5000
1498 0.8500 0.5500
1499 0.9000 0.5500
1500 0.8500 0.6000
1501 0.8500 0.6500
1502 0.9000 0.6500
1503 0.8500 0.7000
1504 0.8500 0.7500
1505 0.9000 0.7500
1506 0.8500 0.8000
1507 0.8500 0.8500
1508 0.9000 0.8500
1509 0.8500 0.9000
1510 0.8500 0.9500
1511 0.9000 0.9500
1512 0.9500 -0.9500
1513 1.0000 -0.9500
1514 0.9500 -0.9000
1515 0.9500 -0.8500
1516 1.0000 -0.8500
1517 0.9500 -0.8000
1518 0.9500 -0.7500
1519 1.0000 -0.7500
1520 0.9500 -0.7000
1521 0.9500 -0.6500
1522 1.0000 -0.6500
1523 0.9500 -0.6000
1524 0.9500 -0.5500
1525 1.0000 -0.5500
1526 0.9500 -0.5000
1527 0.9500 -0.4500
1528 1.0000 -0.4500
1529 0.9500 -0.4000
1530 0.9500 -0.3500
1531 1.0000 -0.3500
1532 0.9500 -0.3000
1533 0.9500 -0.2500
1534 1.0000 -0.2500
1535 0.9500 -0.2000
1536 0.9500 -0.1500
1537 1.0000 -0.1500
1538 0.9500 -0.1000
1539 0.9500 -0.0500
1540 1.0000 -0.0500
1541 0.9500 0.0000
1542 0.9500 0.0500
1543 1.0000 0.0500
1544 0.9500 0.1000
1545 0.9500 0.1500
1546 1.0000 0.1500
1547 0.9500 0.2000
1548 0.9500 0.2500
1549 1.0000 0.2500
1550 0.9500 0.3000
1551 0.9500 0.3500
1552 1.0000 0.3500
1553 0.9500 0.4000
1554 0.9500 0.4500
1555 1.0000 0.4500
1556 0.9500 0.5000
1557 0.9500 0.5500
1558 1.0000 0.5500
1559 0.9500 0.6000
1560 0.9500 0.6500
1561 1.0000 0.6500
1562 0.9500 0.7000
1563 0.9500 0.7500
1564 1.0000 0.7500
1565 0.9500 0.8000
1566 0.9500 0.8500
1567 1.0000 0.8500
1568 0.9500 0.9000
1569 0.9500 0.9500
1570 1.0000 0.9500
1571 1.0500 -0.9500
1572 1.1000 -0.9500
1573 1.0500 -0.9000
1574 1.0500 -0.8500
1575 1.1000 -0.8500
1576 1.0500 -0.8000
1577 1.0500 -0.7500
1578 1.1000 -0.7500
1579 1.0500 -0.7000
1580 1.0500 -0.6500
1581 1.1000 -0.6500
1582 1.0500 -0.6000
1583 1.0500 -0.5500
1584 1.1000 -0.5500
1585 1.0500 -0.5000
1586 1.0500 -0.4500
1587 1.1000 -0.4500
1588 1.0500 -0.4000
1589 1.0500 -0.3500
1590 1.1000 -0.3500
1591 1.0500 -0.3000
1592 1.0500 -0.2500
1593 1.1000 -0.2500
1594 1.0500 -0.2000
1595 1.0500 -0.1500
1596 1.1000 -0.1500
1597 1.0500 -0.1000
1598 1.0500 -0.0500
1599 1.1000 -0.0500
1600 1.0500 0.0000
1601 1.0500 0.0500
1602 1.1000 0.0500
1603 1.0500 0.1000
1604 1.0500 0.1500
1605 1.1000 0.1500
1606 1.0500 0.2000
1607 1.0500 0.2500
1608 1.1000 0.2500
1609 1.0500 0.3000
1610 1.0500 0.3500
1611 1.1000 0.3500
1612 1.0500 0.4000
1613 1.0500 0.4500
1614 1.1000 0.4500
1615 1.0500 0.5000
1616 1.0500 0.5500
1617 1.1000 0.5500
1618 1.0500 0.6000
1619 1.0500 0.6500
1620 1.1000 0.6500
1621 1.0500 0.7000
1622 1.0500 0.7500
1623 1.1000 0.7500
1624 1.0500 0.8000
1625 1.0500 0.8500
1626 1.1000 0.8500
1627 1.0500 0.9000
1628 1.0500 0.9500
1629 1.1000 0.9500
1630 1.1500 -0.9500
1631 1.2000 -0.9500
1632 1.1500 -0.9000
1633 1.1500 -0.8500
1634 1.2000 -0.8500
1635 1.1500 -0.8000
1636 1.1500 -0.7500
1637 1.2000 -0.7500
1638 1.1500 -0.7000
1639 1.1500 -0.6500
1640 1.2000 -0.6500
1641 1.1500 -0.6000
1642 1.1500 -0.5500
1643 1.2000 -0.5500
1644 1.1500 -0.5000
1645 1.1500 -0.4500
1646 1.2000 -0.4500
1647 1.1500 -0.4000
1648 1.1500 -0.3500
1649 1.2000 -0.3500
1650 1.1500 -0.3000
1651 1.1500 -0.2500
1652 1.2000 -0.2500
1653 1.1500 -0.2000
1654 1.1500 -0.1500
1655 1.2000 -0.1500
1656 1.1500 -0.1000
1657 1.1500 -0.0500
1658 1.2000 -0.0500
1659 1.1500 0.0000
1660 1.1500 0.0500
1661 1.2000 0.0500
1662 1.1500 0.1000
1663 1.1500 0.1500
1664 1.2000 0.1500
1665 1.1500 0.2000
1666 1.1500 0.2500
1667 1.2000 0.2500
1668 1.1500 0.3000
1669 1.1500 0.3500
1670 1.2000 0.3500
1671 1.1500 0.4000
1672 1.1500 0.4500
1673 1.2000 0.4500
1674 1.1500 0.5000
1675 1.1500 0.5500
1676 1.2000 0.5500
1677 1.1500 0.6000
1678 1.1500 0.6500
1679 1.2000 0.6500
1680 1.1500 0.7000
1681 1.1500 0.7500
1682 1.2000 0.7500
1683 1.1500 0.8000
1684 1.1500 0.8500
1685 1.2000 0.8500
1686 1.1500 0.9000
1687 1.1500 0.9500
1688 1.2000 0.9500
1689 1.2500 -0.9500
1690 1.3000 -0.9500
1691 1.2500 -0.9000
1692 1.2500 -0.8500
1693 1.3000 -0.8500
1694 1.2500 -0.8000
1695 1.2500 -0.7500
1696 1.3000 -0.7500
1697 1.2500 -0.7000
1698 1.2500 -0.6500
1699 1.3000 -0.6500
1700 1.2500 -0.6000
1701 1.2500 -0.5500
1702 1.3000 -0.5500
1703 1.2500 -0.5000
1704 1.2500 -0.4500
1705 1.3000 -0.4500
1706 1.2500 -0.4000
1707 1.2500 -0.3500
1708 1.3000 -0.3500
1709 1.2500 -0.3000
1710 1.2500 -0.2500
1711 1.3000 -0.2500
1712 1.2500 -0.2000
1713 1.2500 -0.1500
1714 1.3000 -0.1500
1715 1.2500 -0.1000
1716 1.2500 -0.0500
1717 1.3000 -0.0500
1718 1.2500 0.0000
1719 1.2500 0.0500
1720 1.3000 0.0500
1721 1.2500 0.1000
1722 1.2500 0.1500
1723 1.3000 0.1500
1724 1.2500 0.2000
1725 1.2500 0.2500
1726 1.3000 0.2500
1727 1.2500 0.3000
1728 1.2500 0.3500
1729 1.3000 0.3500
1730 1.2500 0.4000
1731 1.2500 0.4500
1732 1.3000 0.4500
1733 1.2500 0.5000
1734 1.2500 0.5500
1735 1.3000 0.5500
1736 1.2500 0.6000
1737 1.2500 0.6500
1738 1.3000 0.6500
1739 1.2500 0.7000
1740 1.2500 0.7500
1741 1.3000 0.7500
1742 1.2500 0.8000
1743 1.2500 0.8500
1744 1.3000 0.8500
1745 1.2500 0.9000
1746 1.2500 0.9500
1747 1.3000 0.9500
1748 1.3500 -0.9500
1749 1.4000 -0.9500
1750 1.3500 -0.9000
1751 1.3500 -0.8500
1752 1.4000 -0.8500
1753 1.3500 -0.8000
1754 1.3500 -0.7500
1755 1.4000 -0.7500
1756 1.3500 -0.7000
1757 1.3500 -0.6500
1758 1.4000 -0.6500
1759 1.3500 -0.6000
1760 1.3500 -0.5500
1761 1.4000 -0.5500
1762 1.3500 -0.5000
1763 1.3500 -0.4500
1764 1.4000 -0.4500
1765 1.3500 -0.4000
1766 1.3500 -0.3500
1767 1.4000 -0.3500
1768 1.3500 -0.3000
1769 1.3500 -0.2500
1770 1.4000 -0.2500
1771 1.3500 -0.2000
1772 1.3500 -0.1500
1773 1.4000 -0.1500
1774 1.3500 -0.1000
1775 1.3500 -0.0500
1776 1.4000 -0.0500
1777 1.3500 0.0000
1778 1.3500 0.0500
1779 1.4000 0.0500
1780 1.3500 0.1000
1781 1.3500 0.1500
1782 1.4000 0.1500
1783 1.3500 0.2000
1784 1.3500 0.2500
1785 1.4000 0.2500
1786 1.3500 0.3000
1787 1.3500 0.3500
1788 1.4000 0.3500
1789 1.3500 0.4000
1790 1.3500 0.4500
1791 1.4000 0.4500
1792 1.3500 0.5000
1793 1.3500 0.5500
1794 1.4000 0.5500
1795 1.3500 0.6000
1796 1.3500 0.6500
1797 1.4000 0.6500
1798 1.3500 0.7000
1799 1.3500 0.7500
1800 1.4000 0.7500
1801 1.3500 0.8000
1802 1.3500 0.8500
1803 1.4000 0.8500
1804 1.3500 0.9000
1805 1.3500 0.9500
1806 1.4000 0.9500
1807 1.4500 -0.9500
1808 1.5000 -0.9500
1809 1.4500 -0.9000
1810 1.4500 -0.8500
1811 1.5000 -0.8500
1812 1.4500 -0.8000
1813 1.4500 -0.7500
1814 1.5000 -0.7500
1815 1.4500 -0.7000
1816 1.4500 -0.6500
1817 1.5000 -0.6500
1818 1.4500 -0.6000
1819 1.4500 -0.5500
1820 1.5000 -0.5500
1821 1.4500 -0.5000
1822 1.4500 -0.4500
1823 1.5000 -0.4500
1824 1.4500 -0.4000
1825 1.4500 -0.3500
1826 1.5000 -0.3500
1827 1.4500 -0.3000
1828 1.4500 -0.2500
1829 1.5000 -0.2500
1830 1.4500 -0.2000
1831 1.4500 -0.1500
1832 1.5000 -0.1500
1833 1.4500 -0.1000
1834 1.4500 -0.0500
1835 1.5000 -0.0500
1836 1.4500 0.0000
1837 1.4500 0.0500
1838 1.5000 0.0500
1839 1.4500 0.1000
1840 1.4500 0.1500
1841 1.5000 0.1500
1842 1.4500 0.2000
1843 1.4500 0.2500
1844 1.5000 0.2500
1845 1.4500 0.3000
1846 1.4500 0.3500
1847 1.5000 0.3500
1848 1.4500 0.4000
1849 1.4500 0.4500
1850 1.5000 0.4500
1851 1.4500 0.5000
1852 1.4500 0.5500
1853 1.5000 0.5500
1854 1.4500 0.6000
1855 1.4500 0.6500
1856 1.5000 0.6500
1857 1.4500 0.7000
1858 1.4500 0.7500
1859 1.5000 0.7500
1860 1.4500 0.8000
1861 1.4500 0.8500
1862 1.5000 0.8500
1863 1.4500 0.9000
1864 1.4500 0.9500
1865 1.5000 0.9500
1866 1.5500 -0.9500
1867 1.6000 -0.9500
1868 1.5500 -0.9000
1869 1.5500 -0.8500
1870 1.6000 -0.8500
1871 1.5500 -0.8000
1872 1.5500 -0.7500
1873 1.6000 -0.7500
1874 1.5500 -0.7000
1875 1.5500 -0.6500
1876 1.6000 -0.6500
1877 1.5500 -0.6000
1878 1.5500 -0.5500
1879 1.6000 -0.5500
1880 1.5500 -0.5000
1881 1.5500 -0.4500
1882 1.6000 -0.4500
1883 1.5500 -0.4000
1884 1.5500 -0.3500
1885 1.6000 -0.3500
1886 1.5500 -0.3000
1887 1.5500 -0.2500
1888 1.6000 -0.2500
1889 1.5500 -0.2000
1890 1.5500 -0.1500
1891 1.6000 -0.1500
1892 1.5500 -0.1000
1893 1.5500 -0.0500
1894 1.6000 -0.0500
1895 1.5500 0.0000
1896 1.5500 0.0500
1897 1.6000 0.0500
1898 1.5500 0.1000
1899 1.5500 0.1500
1900 1.6000 0.1500
1901 1.5500 0.2000
1902 1.5500 0.2500
1903 1.6000 0.2500
1904 1.5500 0.3000
1905 1.5500 0.3500
1906 1.6000 0.3500
1907 1.5500 0.4000
1908 1.5500 0.4500
1909 1.6000 0.4500
1910 1.5500 0.5000
1911 1.5500 0.5500
1912 1.6000 0.5500
1913 1.5500 0.6000
1914 1.5500 0.6500
1915 1.6000 0.6500
1916 1.5500 0.7000
1917 1.5500 0.7500
1918 1.6000 0.7500
1919 1.5500 0.8000
1920 1.5500 0.8500
1921 1.6000 0.8500
1922 1.5500 0.9000
1923 1.5500 0.9500
1924 1.6000 0.9500
1925 1.6500 -0.9500
1926 1.7000 -0.9500
1927 1.6500 -0.9000
1928 1.6500 -0.8500
1929 1.7000 -0.8500
1930 1.6500 -0.8000
1931 1.6500 -0.7500
1932 1.7000 -0.7500
1933 1.6500 -0.7000
1934 1.6500 -0.6500
1935 1.7000 -0.6500
1936 1.6500 -0.6000
1937 1.6500 -0.5500
1938 1.7000 -0.5500
1939 1.6500 -0.5000
1940 1.6500 -0.4500
1941 1.7000 -0.4500
1942 1.6500 -0.4000
1943 1.6500 -0.3500
1944 1.7000 -0.3500
1945 1.6500 -0.3000
1946 1.6500 -0.2500
1947 1.7000 -0.2500
1948 1.6500 -0.2000
1949 1.6500 -0.1500
1950 1.7000 -0.1500
1951 1.6500 -0.1000
1952 1.6500 -0.0500
1953 1.7000 -0.0500
1954 1.6500 0.0000
1955 1.6500 0.0500
1956 1.7000 0.0500
1957 1.6500 0.1000
1958 1.6500 0.1500
1959 1.7000 0.1500
1960 1.6500 0.2000
1961 1.6500 0.2500
1962 1.7000 0.2500
1963 1.6500 0.3000
1964 1.6500 0.3500
1965 1.7000 0.3500
1966 1.6500 0.4000
1967 1.6500 0.4500
1968 1.7000 0.4500
1969 1.6500 0.5000
1970 1.6500 0.5500
1971 1.7000 0.5500
1972 1.6500 0.6000
1973 1.6500 0.6500
1974 1.7000 0.6500
1975 1.6500 0.7000
1976 1.6500 0.7500
1977 1.7000 0.7500
1978 1.6500 0.8000
1979 1.6500 0.8500
1980 1.7000 0.8500
1981 1.6500 0.9000
1982 1.6500 0.9500
1983 1.7000 0.9500
1984 1.7500 -0.9500
1985 1.8000 -0.9500
1986 1.7500 -0.9000
1987 1.7500 -0.8500
1988 1.8000 -0.8500
1989 1.7500 -0.8000
1990 1.7500 -0.7500
1991 1.8000 -0.7500
1992 1.7500 -0.7000
1993 1.7500 -0.6500
1994 1.8000 -0.6500
1995 1.7500 -0.6000
1996 1.7500 -0.5500
1997 1.8000 -0.5500
1998 1.7500 -0.5000
1999 1.7500 -0.4500
2000 1.8000 -0.4500
2001 1.7500 -0.4000
2002 1.7500 -0.3500
2003 1.8000 -0.3500
2004 1.7500 -0.3000
2005 1.7500 -0.2500
2006 1.8000 -0.2500
2007 1.7500 -0.2000
2008 1.7500 -0.1500
2009 1.8000 -0.1500
2010 1.7500 -0.1000
2011 1.7500 -0.0500
2012 1.8000 -0.0500
2013 1.7500 0.0000
2014 1.7500 0.0500
2015 1.8000 0.0500
2016 1.7500 0.1000
2017 1.7500 0.1500
2018 1.8000 0.1500
2019 1.7500 0.2000
2020 1.7500 0.2500
2021 1.8000 0.2500
2022 1.7500 0.3000
2023 1.7500 0.3500
2024 1.8000 0.3500
2025 1.7500 0.4000
2026 1.7500 0.4500
2027 1.8000 0.4500
2028 1.7500 0.5000
2029 1.7500 0.5500
2030 1.8000 0.5500
2031 1.7500 0.6000
2032 1.7500 0.6500
2033 1.8000 0.6500
2034 1.7500 0.7000
2035 1.7500 0.7500
2036 1.8000 0.7500
2037 1.7500 0.8000
2038 1.7500 0.8500
2039 1.8000 0.8500
2040 1.7500 0.9000
2041 1.7500 0.9500
2042 1.8000 0.9500
2043 1.8500 -0.9500
2044 1.9000 -0.9500
2045 1.8500 -0.9000
2046 1.8500 -0.8500
2047 1.9000 -0.8500
2048 1.8500 -0.8000
2049 1.8500 -0.7500
2050 1.9000 -0.7500
2051 1.8500 -0.7000
2052 1.8500 -0.6500
2053 1.9000 -0.6500
2054 1.8500 -0.6000
2055 1.8500 -0.5500
2056 1.9000 -0.5500
2057 1.8500 -0.5000
2058 1.8500 -0.4500
2059 1.9000 -0.4500
2060 1.8500 -0.4000
2061 1.8500 -0.3500
2062 1.9000 -0.3500
2063 1.8500 -0.3000
2064 1.8500 -0.2500
2065 1.9000 -0.2500
2066 1.8500 -0.2000
2067 1.8500 -0.1500
2068 1.9000 -0.1500
2069 1.8500 -0.1000
2070 1.8500 -0.0500
2071 1.9000 -0.0500
2072 1.8500 0.0000
2073 1.8500 0.0500
2074 1.9000 0.0500
2075 1.8500 0.1000
2076 1.8500 0.1500
2077 1.9000 0.1500
2078 1.8500 0.2000
2079 1.8500 0.2500
2080 1.9000 0.2500
2081 1.8500 0.3000
2082 1.8500 0.3500
2083 1.9000 0.3500
2084 1.8500 0.4000
2085 1.8500 0.4500
2086 1.9000 0.4500
2087 1.8500 0.5000
2088 1.8500 0.5500
2089 1.9000 0.5500
2090 1.8500 0.6000
2091 1.8500 0.6500
2092 1.9000 0.6500
2093 1.8500 0.7000
2094 1.8500 0.7500
2095 1.9000 0.7500
2096 1.8500 0.8000
2097 1.8500 0.8500
2098 1.9000 0.8500
2099 1.8500 0.9000
2100 1.8500 0.9500
2101 1.9000 0.9500
2102 1.9500 -0.9500
2103 2.0000 -0.9500
2104 1.9500 -0.9000
2105 1.9500 -0.8500
2106 2.0000 -0.8500
2107 1.9500 -0.8000
2108 1.9500 -0.7500
2109 2.0000 -0.7500
2110 1.9500 -0.7000
2111 1.9500 -0.6500
2112 2.0000 -0.6500
2113 1.9500 -0.6000
2114 1.9500 -0.5500
2115 2.0000 -0.5500
2116 1.9500 -0.5000
2117 1.9500 -0.4500
2118 2.0000 -0.4500
2119 1.9500 -0.4000
2120 1.9500 -0.3500
2121 2.0000 -0.3500
2122 1.9500 -0.3000
2123 1.9500 -0.2500
2124 2.0000 -0.2500
2125 1.9500 -0.2000
2126 1.9500 -0.1500
2127 2.0000 -0.1500
2128 1.9500 -0.1000
2129 1.9500 -0.0500
2130 2.0000 -0.0500
2131 1.9500 0.0000
2132 1.9500 0.0500
2133 2.0000 0.0500
2134 1.9500 0.1000
2135 1.9500 0.1500
2136 2.0000 0.1500
2137 1.9500 0.2000
2138 1.9500 0.2500
2139 2.0000 0.2500
2140 1.9500 0.3000
2141 1.9500 0.3500
2142 2.0000 0.3500
2143 1.9500 0.4000
2144 1.9500 0.4500
2145 2.0000 0.4500
2146 1.9500 0.5000
2147 1.9500 0.5500
2148 2.0000 0.5500
2149 1.9500 0.6000
2150 1.9500 0.6500
2151 2.0000 0.6500
2152 1.9500 0.7000
2153 1.9500 0.7500
2154 2.0000 0.7500
2155 1.9500 0.8000
2156 1.9500 0.8500
2157 2.0000 0.8500
2158 1.9500 0.9000
2159 1.9500 0.9500
2160 2.0000 0.9500
2161 2.0500 -0.9500
2162 2.1000 -0.9500
2163 2.0500 -0.9000
2164 2.0500 -0.8500
2165 2.1000 -0.8500
2166 2.0500 -0.8000
2167 2.0500 -0.7500
2168 2.1000 -0.7500
2169 2.0500 -0.7000
2170 2.0500 -0.6500
2171 2.1000 -0.6500
2172 2.0500 -0.6000
2173 2.0500 -0.5500
2174 2.1000 -0.5500
2175 2.0500 -0.5000
2176 2.0500 -0.4500
2177 2.1000 -0.4500
2178 2.0500 -0.4000
2179 2.0500 -0.3500
2180 2.1000 -0.3500
2181 2.0500 -0.3000
2182 2.0500 -0.2500
2183 2.1000 -0.2500
2184 2.0500 -0.2000
2185 2.0500 -0.1500
2186 2.1000 -0.1500
2187 2.0500 -0.1000
2188 2.0500 -0.0500
2189 2.1000 -0.0500
2190 2.0500 -0.0000
2191 2.0500 0.0500
2192 2.1000 0.0500
2193 2.0500 0.1000
2194 2.0500 0.1500
2195 2.1000 0.1500
2196 2.0500 0.2000
2197 2.0500 0.2500
2198 2.1000 0.2500
2199 2.0500 0.3000
2200 2.0500 0.3500
2201 2.1000 0.3500
2202 2.0500 0.4000
2203 2.0500 0.4500
2204 2.1000 0.4500
2205 2.0500 0.5000
2206 2.0500 0.5500
2207 2.1000 0.5500
2208 2.0500 0.6000
2209 2.0500 0.6500
2210 2.1000 0.6500
2211 2.0500 0.7000
2212 2.0500 0.7500
2213 2.1000 0.7500
2214 2.0500 0.8000
2215 2.0500 0.8500
2216 2.1000 0.8500
2217 2.0500 0.9000
2218 2.0500 0.9500
2219 2.1000 0.9500
2220 2.1500 -0.9500
2221 2.2000 -0.9500
2222 2.1500 -0.9000
2223 2.1500 -0.8500
2224 2.2000 -0.8500
2225 2.1500 -0.8000
2226 2.1500 -0.7500
2227 2.2000 -0.7500
2228 2.1500 -0.7000
2229 2.1500 -0.6500
2230 2.2000 -0.6500
2231 2.1500 -0.6000
2232 2.1500 -0.5500
2233 2.2000 -0.5500
2234 2.1500 -0.5000
2235 2.1500 -0.4500
2236 2.2000 -0.4500
2237 2.1500 -0.4000
2238 2.1500 -0.3500
2239 2.2000 -0.3500
2240 2.1500 -0.3000
2241 2.1500 -0.2500
2242 2.2000 -0.2500
2243 2.1500 -0.2000
2244 2.1500 -0.1500
2245 2.2000 -0.1500
2246 2.1500 -0.1000
2247 2.1500 -0.0500
2248 2.2000 -0.0500
2249 2.1500 -0.0000
2250 2.1500 0.0500
2251 2.2000 0.0500
2252 2.1500 0.1000
2253 2.1500 0.1500
2254 2.2000 0.1500
2255 2.1500 0.2000
2256 2.1500 0.2500
2257 2.2000 0.2500
2258 2.1500 0.3000
2259 2.1500 0.3500
2260 2.2000 0.3500
2261 2.1500 0.4000
2262 2.1500 0.4500
2263 2.2000 0.4500
2264 2.1500 0.5000
2265 2.1500 0.5500
2266 2.2000 0.5500
2267 2.1500 0.6000
2268 2.1500 0.6500
2269 2.2000 0.6500
2270 2.1500 0.7000
2271 2.1500 0.7500
2272 2.2000 0.7500
2273 2.1500 0.8000
2274 2.1500 0.8500
2275 2.2000 0.8500
2276 2.1500 0.9000
2277 2.1500 0.9500
2278 2.2000 0.9500
2279 2.2500 -0.9500
2280 2.3000 -0.9500
2281 2.2500 -0.9000
2282 2.2500 -0.8500
2283 2.3000 -0.8500
2284 2.2500 -0.8000
2285 2.2500 -0.7500
2286 2.3000 -0.7500
2287 2.2500 -0.7000
2288 2.2500 -0.6500
2289 2.3000 -0.6500
2290 2.2500 -0.6000
2291 2.2500 -0.5500
2292 2.3000 -0.5500
2293 2.2500 -0.5000
2294 2.2500 -0.4500
2295 2.3000 -0.4500
2296 2.2500 -0.4000
2297 2.2500 -0.3500
2298 2.3000 -0.3500
2299 2.2500 -0.3000
2300 2.2500 -0.2500
2301 2.3000 -0.2500
2302 2.2500 -0.2000
2303 2.2500 -0.1500
2304 2.3000 -0.1500
2305 2.2500 -0.1000
2306 2.2500 -0.0500
2307 2.3000 -0.0500
2308 2.2500 -0.0000
2309 2.2500 0.0500
2310 2.3000 0.0500
2311 2.2500 0.1000
2312 2.2500 0.1500
2313 2.3000 0.1500
2314 2.2500 0.2000
2315 2.2500 0.2500
2316 2.3000 0.2500
2317 2.2500 0.3000
2318 2.2500 0.3500
2319 2.3000 0.3500
2320 2.2500 0.4000
2321 2.2500 0.4500
2322 2.3000 0.4500
2323 2.2500 0.5000
2324 2.2500 0.5500
2325 2.3000 0.5500
2326 2.2500 0.6000
2327 2.2500 0.6500
2328 2.3000 0.6500
2329 2.2500 0.7000
2330 2.2500 0.7500
2331 2.3000 0.7500
2332 2.2500 0.8000
2333 2.2500 0.8500
2334 2.3000 0.8500
2335 2.2500 0.9000
2336 2.2500 0.9500
2337 2.3000 0.9500
2338 2.3500 -0.9500
2339 2.4000 -0.9500
2340 2.3500 -0.9000
2341 2.3500 -0.8500
2342 2.4000 -0.8500
2343 2.3500 -0.8000
2344 2.3500 -0.7500
2345 2.4000 -0.7500
2346 2.3500 -0.7000
2347 2.3500 -0.6500
2348 2.4000 -0.6500
2349 2.3500 -0.6000
2350 2.3500 -0.5500
2351 2.4000 -0.5500
2352 2.3500 -0.5000
2353 2.3500 -0.4500
2354 2.4000 -0.4500
2355 2.3500 -0.4000
2356 2.3500 -0.3500
2357 2.4000 -0.3500
2358 2.3500 -0.3000
2359 2.3500 -0.2500
2360 2.4000 -0.2500
2361 2.3500 -0.2000
2362 2.3500 -0.1500
2363 2.4000 -0.1500
2364 2.3500 -0.1000
2365 2.3500 -0.0500
2366 2.4000 -0.0500
2367 2.3500 -0.0000
2368 2.3500 0.0500
2369 2.4000 0.0500
2370 2.3500 0.1000
2371 2.3500 0.1500
2372 2.4000 0.1500
2373 2.3500 0.2000
2374 2.3500 0.2500
2375 2.4000 0.2500
2376 2.3500 0.3000
2377 2.3500 0.3500
2378 2.4000 0.3500
2379 2.3500 0.4000
2380 2.3500 0.4500
2381 2.4000 0.4500
2382 2.3500 0.5000
2383 2.3500 0.5500
2384 2.4000 0.5500
2385 2.3500 0.6000
2386 2.3500 0.6500
2387 2.4000 0.6500
2388 2.3500 0.7000
2389 2.3500 0.7500
2390 2.4000 0.7500
2391 2.3500 0.8000
2392 2.3500 0.8500
2393 2.4000 0.8500
2394 2.3500 0.9000
2395 2.3500 0.9500
2396 2.4000 0.9500
2397 2.4500 -0.9500
2398 2.5000 -0.9500
2399 2.4500 -0.9000
2400 2.4500 -0.8500
2401 2.5000 -0.8500
2402 2.4500 -0.8000
2403 2.4500 -0.7500
2404 2.5000 -0.7500
2405 2.4500 -0.7000
2406 2.4500 -0.6500
2407 2.5000 -0.6500
2408 2.4500 -0.6000
2409 2.4500 -0.5500
2410 2.5000 -0.5500
2411 2.4500 -0.5000
2412 2.4500 -0.4500
2413 2.5000 -0.4500
2414 2.4500 -0.4000
2415 2.4500 -0.3500
2416 2.5000 -0.3500
2417 2.4500 -0.3000
2418 2.4500 -0.2500
2419 2.5000 -0.2500
2420 2.4500 -0.2000
2421 2.4500 -0.1500
2422 2.5000 -0.1500
2423 2.4500 -0.1000
2424 2.4500 -0.0500
2425 2.5000 -0.0500
2426 2.4500 -0.0000
2427 2.4500 0.0500
2428 2.5000 0.0500
2429 2.4500 0.1000
2430 2.4500 0.1500
2431 2.5000 0.1500
2432 2.4500 0.2000
2433 2.4500 0.2500
2434 2.5000 0.2500
2435 2.4500 0.3000
2436 2.4500 0.3500
2437 2.5000 0.3500
2438 2.4500 0.4000
2439 2.4500 0.4500
2440 2.5000 0.4500
2441 2.4500 0.5000
2442 2.4500 0.5500
2443 2.5000 0.5500
2444 2.4500 0.6000
2445 2.4500 0.6500
2446 2.5000 0.6500
2447 2.4500 0.7000
2448 2.4500 0.7500
2449 2.5000 0.7500
2450 2.4500 0.8000
2451 2.4500 0.8500
2452 2.5000 0.8500
2453 2.4500 0.9000
2454 2.4500 0.9500
2455 2.5000 0.9500
2456 2.5500 -0.9500
2457 2.6000 -0.9500
2458 2.5500 -0.9000
2459 2.5500 -0.8500
2460 2.6000 -0.8500
2461 2.5500 -0.8000
2462 2.5500 -0.7500
2463 2.6000 -0.7500
2464 2.5500 -0.7000
2465 2.5500 -0.6500
2466 2.6000 -0.6500
2467 2.5500 -0.6000
2468 2.5500 -0.5500
2469 2.6000 -0.5500
2470 2.5500 -0.5000
2471 2.5500 -0.4500
2472 2.6000 -0.4500
2473 2.5500 -0.4000
2474 2.5500 -0.3500
2475 2.6000 -0.3500
2476 2.5500 -0.3000
2477 2.5500 -0.2500
2478 2.6000 -0.2500
2479 2.5500 -0.2000
2480 2.5500 -0.1500
2481 2.6000 -0.1500
2482 2.5500 -0.1000
2483 2.5500 -0.0500
2484 2.6000 -0.0500
2485 2.5500 -0.0000
2486 2.5500 0.0500
2487 2.6000 0.0500
2488 2.5500 0.1000
2489 2.5500 0.1500
2490 2.6000 0.1500
2491 2.5500 0.2000
2492 2.5500 0.2500
2493 2.6000 0.2500
2494 2.5500 0.3000
2495 2.5500 0.3500
2496 2.6000 0.3500
2497 2.5500 0.4000
2498 2.5500 0.4500
2499 2.6000 0.4500
2500 2.5500 0.5000
2501 2.5500 0.5500
2502 2.6000 0.5500
2503 2.5500 0.6000
2504 2.5500 0.6500
2505 2.6000 0.6500
2506 2.5500 0.7000
2507 2.5500 0.7500
2508 2.6000 0.7500
2509 2.5500 0.8000
2510 2.5500 0.8500
2511 2.6000 0.8500
2512 2.5500 0.9000
2513 2.5500 0.9500
2514 2.6000 0.9500
2515 2.6500 -0.9500
2516 2.7000 -0.9500
2517 2.6500 -0.9000
2518 2.6500 -0.8500
2519 2.7000 -0.8500
2520 2.6500 -0.8000
2521 2.6500 -0.7500
2522 2.7000 -0.7500
2523 2.6500 -0.7000
2524 2.6500 -0.6500
2525 2.7000 -0.6500
2526 2.6500 -0.6000
2527 2.6500 -0.5500
2528 2.7000 -0.5500
2529 2.6500 -0.5000
2530 2.6500 -0.4500
2531 2.7000 -0.4500
2532 2.6500 -0.4000
2533 2.6500 -0.3500
2534 2.7000 -0.3500
2535 2.6500 -0.3000
2536 2.6500 -0.2500
2537 2.7000 -0.2500
2538 2.6500 -0.2000
2539 2.6500 -0.1500
2540 2.7000 -0.1500
2541 2.6500 -0.1000
2542 2.6500 -0.0500
2543 2.7000 -0.0500
2544 2.6500 -0.0000
2545 2.6500 0.0500
2546 2.7000 0.0500
2547 2.6500 0.1000
2548 2.6500 0.1500
2549 2.7000 0.1500
2550 2.6500 0.2000
2551 2.6500 0.2500
2552 2.7000 0.2500
2553 2.6500 0.3000
2554 2.6500 0.3500
2555 2.7000 0.3500
2556 2.6500 0.4000
2557 2.6500 0.4500
2558 2.7000 0.4500
2559 2.6500 0.5000
2560 2.6500 0.5500
2561 2.7000 0.5500
2562 2.6500 0.6000
2563 2.6500 0.6500
2564 2.7000 0.6500
2565 2.6500 0.7000
2566 2.6500 0.7500
2567 2.7000 0.7500
2568 2.6500 0.8000
2569 2.6500 0.8500
2570 2.7000 0.8500
2571 2.6500 0.9000
2572 2.6500 0.9500
2573 2.7000 0.9500
2574 2.7500 -0.9500
2575 2.8000 -0.9500
2576 2.7500 -0.9000
2577 2.7500 -0.8500
2578 2.8000 -0.8500
2579 2.7500 -0.8000
2580 2.7500 -0.7500
2581 2.8000 -0.7500
2582 2.7500 -0.7000
2583 2.7500 -0.6500
2584 2.8000 -0.6500
2585 2.7500 -0.6000
2586 2.7500 -0.5500
2587 2.8000 -0.5500
2588 2.7500 -0.5000
2589 2.7500 -0.4500
2590 2.8000 -0.4500
2591 2.7500 -0.4000
2592 2.7500 -0.3500
2593 2.8000 -0.3500
2594 2.7500 -0.3000
2595 2.7500 -0.2500
2596 2.8000 -0.2500
2597 2.7500 -0.2000
2598 2.7500 -0.1500
2599 2.8000 -0.1500
2600 2.7500 -0.1000
2601 2.7500 -0.0500
2602 2.8000 -0.0500
2603 2.7500 -0.0000
2604 2.7500 0.0500
2605 2.8000 0.0500
2606 2.7500 0.1000
2607 2.7500 0.1500
2608 2.8000 0.1500
2609 2.7500 0.2000
2610 2.7500 0.2500
2611 2.8000 0.2500
2612 2.7500 0.3000
2613 2.7500 0.3500
2614 2.8000 0.3500
2615 2.7500 0.4000
2616 2.7500 0.4500
2617 2.8000 0.4500
2618 2.7500 0.5000
2619 2.7500 0.5500
2620 2.8000 0.5500
2621 2.7500 0.6000
2622 2.7500 0.6500
2623 2.8000 0.6500
2624 2.7500 0.7000
2625 2.7500 0.7500
2626 2.8000 0.7500
2627 2.7500 0.8000
2628 2.7500 0.8500
2629 2.8000 0.8500
2630 2.7500 0.9000
2631 2.7500 0.9500
2632 2.8000 0.9500
2633 2.8500 -0.9500
2634 2.9000 -0.9500
2635 2.8500 -0.9000
2636 2.8500 -0.8500
2637 2.9000 -0.8500
2638 2.8500 -0.8000
2639 2.8500 -0.7500
2640 2.9000 -0.7500
2641 2.8500 -0.7000
2642 2.8500 -0.6500
2643 2.9000 -0.6500
2644 2.8500 -0.6000
2645 2.8500 -0.5500
2646 2.9000 -0.5500
2647 2.8500 -0.5000
2648 2.8500 -0.4500
2649 2.9000 -0.4500
2650 2.8500 -0.4000
2651 2.8500 -0.3500
2652 2.9000 -0.3500
2653 2.8500 -0.3000
2654 2.8500 -0.2500
2655 2.9000 -0.2500
2656 2.8500 -0.2000
2657 2.8500 -0.1500
2658 2.9000 -0.1500
2659 2.8500 -0.1000
2660 2.8500 -0.0500
2661 2.9000 -0.0500
2662 2.8500 -0.0000
2663 2.8500 0.0500
2664 2.9000 0.0500
2665 2.8500 0.1000
2666 2.8500 0.1500
2667 2.9000 0.1500
2668 2.8500 0.2000
2669 2.8500 0.2500
2670 2.9000 0.2500
2671 2.8500 0.3000
2672 2.8500 0.3500
2673 2.9000 0.3500
2674 2.8500 0.4000
2675 2.8500 0.4500
2676 2.9000 0.4500
2677 2.8500 0.5000
2678 2.8500 0.5500
2679 2.9000 0.5500
2680 2.8500 0.6000
2681 2.8500 0.6500
2682 2.9000 0.6500
2683 2.8500 0.7000
2684 2.8500 0.7500
2685 2.9000 0.7500
2686 2.8500 0.8000
2687 2.8500 0.8500
2688 2.9000 0.8500
2689 2.8500 0.9000
2690 2.8500 0.9500
2691 2.9000 0.9500
2692 2.9500 -0.9500
2693 3.0000 -0.9500
2694 2.9500 -0.9000
2695 2.9500 -0.8500
2696 3.0000 -0.8500
2697 2.9500 -0.8000
2698 2.9500 -0.7500
2699 3.0000 -0.7500
2700 2.9500 -0.7000
2701 2.9500 -0.6500
2702 3.0000 -0.6500
2703 2.9500 -0.6000
2704 2.9500 -0.5500
2705 3.0000 -0.5500
2706 2.9500 -0.5000
2707 2.9500 -0.4500
2708 3.0000 -0.4500
2709 2.9500 -0.4000
2710 2.9500 -0.3500
2711 3.0000 -0.3500
2712 2.9500 -0.3000
2713 2.9500 -0.2500
2714 3.0000 -0.2500
2715 2.9500 -0.2000
2716 2.9500 -0.1500
2717 3.0000 -0.1500
2718 2.9500 -0.1000
2719 2.9500 -0.0500
2720 3.0000 -0.0500
2721 2.9500 -0.0000
2722 2.9500 0.0500
2723 3.0000 0.0500
2724 2.9500 0.1000
2725 2.9500 0.1500
2726 3.0000 0.1500
2727 2.9500 0.2000
2728 2.9500 0.2500
2729 3.0000 0.2500
2730 2.9500 0.3000
2731 2.9500 0.3500
2732 3.0000 0.3500
2733 2.9500 0.4000
2734 2.9500 0.4500
2735 3.0000 0.4500
2736 2.9500 0.5000
2737 2.9500 0.5500
2738 3.0000 0.5500
2739 2.9500 0.6000
2740 2.9500 0.6500
2741 3.0000 0.6500
2742 2.9500 0.7000
2743 2.9500 0.7500
2744 3.0000 0.7500
2745 2.9500 0.8000
2746 2.9500 0.8500
2747 3.0000 0.8500
2748 2.9500 0.9000
2749 2.9500 0.9500
2750 3.0000 0.9500
2751 3.0500 -0.9500
2752 3.1000 -0.9500
2753 3.0500 -0.9000
2754 3.0500 -0.8500
2755 3.1000 -0.8500
2756 3.0500 -0.8000
2757 3.0500 -0.7500
2758 3.1000 -0.7500
2759 3.0500 -0.7000
2760 3.0500 -0.6500
2761 3.1000 -0.6500
2762 3.0500 -0.6000
2763 3.0500 -0.5500
2764 3.1000 -0.5500
2765 3.0500 -0.5000
2766 3.0500 -0.4500
2767 3.1000 -0.4500
2768 3.0500 -0.4000
2769 3.0500 -0.3500
2770 3.1000 -0.3500
2771 3.0500 -0.3000
2772 3.0500 -0.2500
2773 3.1000 -0.2500
2774 3.0500 -0.2000
2775 3.0500 -0.1500
2776 3.1000 -0.1500
2777 3.0500 -0.1000
2778 3.0500 -0.0500
2779 3.1000 -0.0500
2780 3.0500 -0.0000
2781 3.0500 0.0500
2782 3.1000 0.0500
2783 3.0500 0.1000
2784 3.0500 0.1500
2785 3.1000 0.1500
2786 3.0500 0.2000
2787 3.0500 0.2500
2788 3.1000 0.2500
2789 3.0500 0.3000
2790 3.0500 0.3500
2791 3.1000 0.3500
2792 3.0500 0.4000
2793 3.0500 0.4500
2794 3.1000 0.4500
2795 3.0500 0.5000
2796 3.0500 0.5500
2797 3.1000 0.5500
2798 3.0500 0.6000
2799 3.0500 0.6500
2800 3.1000 0.6500
2801 3.0500 0.7000
2802 3.0500 0.7500
2803 3.1000 0.7500
2804 3.0500 0.8000
2805 3.0500 0.8500
2806 3.1000 0.8500
2807 3.0500 0.9000
2808 3.0500 0.9500
2809 3.1000 0.9500
2810 3.1500 -0.9500
2811 3.2000 -0.9500
2812 3.1500 -0.9000
2813 3.1500 -0.8500
2814 3.2000 -0.8500
2815 3.1500 -0.8000
2816 3.1500 -0.7500
2817 3.2000 -0.7500
2818 3.1500 -0.7000
2819 3.1500 -0.6500
2820 3.2000 -0.6500
2821 3.1500 -0.6000
2822 3.1500 -0.5500
2823 3.2000 -0.5500
2824 3.1500 -0.5000
2825 3.1500 -0.4500
2826 3.2000 -0.4500
2827 3.1500 -0.4000
2828 3.1500 -0.3500
2829 3.2000 -0.3500
2830 3.1500 -0.3000
2831 3.1500 -0.2500
2832 3.2000 -0.2500
2833 3.1500 -0.2000
2834 3.1500 -0.1500
2835 3.2000 -0.1500
2836 3.1500 -0.1000
2837 3.1500 -0.0500
2838 3.2000 -0.0500
2839 3.1500 -0.0000
2840 3.1500 0.0500
2841 3.2000 0.0500
2842 3.1500 0.1000
2843 3.1500 0.1500
2844 3.2000 0.1500
2845 3.1500 0.2000
2846 3.1500 0.2500
2847 3.2000 0.2500
2848 3.1500 0.3000
2849 3.1500 0.3500
2850 3.2000 0.3500
2851 3.1500 0.4000
2852 3.1500 0.4500
2853 3.2000 0.4500
2854 3.1500 0.5000
2855 3.1500 0.5500
2856 3.2000 0.5500
2857 3.1500 0.6000
2858 3.1500 0.6500
2859 3.2000 0.6500
2860 3.1500 0.7000
2861 3.1500 0.7500
2862 3.2000 0.7500
2863 3.1500 0.8000
2864 3.1500 0.8500
2865 3.2000 0.8500
2866 3.1500 0.9000
2867 3.1500 0.9500
2868 3.2000 0.9500
2869 3.2500 -0.9500
2870 3.3000 -0.9500
2871 3.2500 -0.9000
2872 3.2500 -0.8500
2873 3.3000 -0.8500
2874 3.2500 -0.8000
2875 3.2500 -0.7500
2876 3.3000 -0.7500
2877 3.2500 -0.7000
2878 3.2500 -0.6500
2879 3.3000 -0.6500
2880 3.2500 -0.6000
2881 3.2500 -0.5500
2882 3.3000 -0.5500
2883 3.2500 -0.5000
2884 3.2500 -0.4500
2885 3.3000 -0.4500
2886 3.2500 -0.4000
2887 3.2500 -0.3500
2888 3.3000 -0.3500
2889 3.2500 -0.3000
2890 3.2500 -0.2500
2891 3.3000 -0.2500
2892 3.2500 -0.2000
2893 3.2500 -0.1500
2894 3.3000 -0.1500
2895 3.2500 -0.1000
2896 3.2500 -0.0500
2897 3.3000 -0.0500
2898 3.2500 -0.0000
2899 3.2500 0.0500
2900 3.3000 0.0500
2901 3.2500 0.1000
2902 3.2500 0.1500
2903 3.3000 0.1500
2904 3.2500 0.2000
2905 3.2500 0.2500
2906 3.3000 0.2500
2907 3.2500 0.3000
2908 3.2500 0.3500
2909 3.3000 0.3500
2910 3.2500 0.4000
2911 3.2500 0.4500
2912 3.3000 0.4500
2913 3.2500 0.5000
2914 3.2500 0.5500
2915 3.3000 0.5500
2916 3.2500 0.6000
2917 3.2500 0.6500
2918 3.3000 0.6500
2919 3.2500 0.7000
2920 3.2500 0.7500
2921 3.3000 0.7500
2922 3.2500 0.8000
2923 3.2500 0.8500
2924 3.3000 0.8500
2925 3.2500 0.9000
2926 3.2500 0.9500
2927 3.3000 0.9500
2928 3.3500 -0.9500
2929 3.4000 -0.9500
2930 3.3500 -0.9000
2931 3.3500 -0.8500
2932 3.4000 -0.8500
2933 3.3500 -0.8000
2934 3.3500 -0.7500
2935 3.4000 -0.7500
2936 3.3500 -0.7000
2937 3.3500 -0.6500
2938 3.4000 -0.6500
2939 3.3500 -0.6000
2940 3.3500 -0.5500
2941 3.4000 -0.5500
2942 3.3500 -0.5000
2943 3.3500 -0.4500
2944 3.4000 -0.4500
2945 3.3500 -0.4000
2946 3.3500 -0.3500
2947 3.4000 -0.3500
2948 3.3500 -0.3000
2949 3.3500 -0.2500
2950 3.4000 -0.2500
2951 3.3500 -0.2000
2952 3.3500 -0.1500
2953 3.4000 -0.1500
2954 3.3500 -0.1000
2955 3.3500 -0.0500
2956 3.4000 -0.0500
2957 3.3500 -0.0000
2958 3.3500 0.0500
2959 3.4000 0.0500
2960 3.3500 0.1000
2961 3.3500 0.1500
2962 3.4000 0.1500
2963 3.3500 0.2000
2964 3.3500 0.2500
2965 3.4000 0.2500
2966 3.3500 0.3000
2967 3.3500 0.3500
2968 3.4000 0.3500
2969 3.3500 0.4000
2970 3.3500 0.4500
2971 3.4000 0.4500
2972 3.3500 0.5000
2973 3.3500 0.5500
2974 3.4000 0.5500
2975 3.3500 0.6000
2976 3.3500 0.6500
2977 3.4000 0.6500
2978 3.3500 0.7000
2979 3.3500 0.7500
2980 3.4000 0.7500
2981 3.3500 0.8000
2982 3.3500 0.8500
2983 3.4000 0.8500
2984 3.3500 0.9000
2985 3.3500 0.9500
2986 3.4000 0.9500
2987 3.4500 -0.9500
2988 3.5000 -0.9500
2989 3.4500 -0.9000
2990 3.4500 -0.8500
2991 3.5000 -0.8500
2992 3.4500 -0.8000
2993 3.4500 -0.7500
2994 3.5000 -0.7500
2995 3.4500 -0.7000
2996 3.4500 -0.6500
2997 3.5000 -0.6500
2998 3.4500 -0.6000
2999 3.4500 -0.5500
3000 3.5000 -0.5500
3001 3.4500 -0.5000
3002 3.4500 -0.4500
3003 3.5000 -0.4500
3004 3.4500 -0.4000
3005 3.4500 -0.3500
3006 3.5000 -0.3500
3007 3.4500 -0.3000
3008 3.4500 -0.2500
3009 3.5000 -0.2500
3010 3.4500 -0.2000
3011 3.4500 -0.1500
3012 3.5000 -0.1500
3013 3.4500 -0.1000
3014 3.4500 -0.0500
3015 3.5000 -0.0500
3016 3.4500 -0.0000
3017 3.4500 0.0500
3018 3.5000 0.0500
3019 3.4500 0.1000
3020 3.4500 0.1500
3021 3.5000 0.1500
3022 3.4500 0.2000
3023 3.4500 0.2500
3024 3.5000 0.2500
3025 3.4500 0.3000
3026 3.4500 0.3500
3027 3.5000 0.3500
3028 3.4500 0.4000
3029 3.4500 0.4500
3030 3.5000 0.4500
3031 3.4500 0.5000
3032 3.4500 0.5500
3033 3.5000 0.5500
3034 3.4500 0.6000
3035 3.4500 0.6500
3036 3.5000 0.6500
3037 3.4500 0.7000
3038 3.4500 0.7500
3039 3.5000 0.7500
3040 3.4500 0.8000
3041 3.4500 0.8500
3042 3.5000 0.8500
3043 3.4500 0.9000
3044 3.4500 0.9500
3045 3.5000 0.9500
3046 3.5500 -0.9500
3047 3.6000 -0.9500
3048 3.5500 -0.9000
3049 3.5500 -0.8500
3050 3.6000 -0.8500
3051 3.5500 -0.8000
3052 3.5500 -0.7500
3053 3.6000 -0.7500
3054 3.5500 -0.7000
3055 3.5500 -0.6500
3056 3.6000 -0.6500
3057 3.5500 -0.6000
3058 3.5500 -0.5500
3059 3.6000 -0.5500
3060 3.5500 -0.5000
3061 3.5500 -0.4500
3062 3.6000 -0.4500
3063 3.5500 -0.4000
3064 3.5500 -0.3500
3065 3.6000 -0.3500
3066 3.5500 -0.3000
3067 3.5500 -0.2500
3068 3.6000 -0.2500
3069 3.5500 -0.2000
3070 3.5500 -0.1500
3071 3.6000 -0.1500
3072 3.5500 -0.1000
3073 3.5500 -0.0500
3074 3.6000 -0.0500
3075 3.5500 -0.0000
3076 3.5500 0.0500
3077 3.6000 0.0500
3078 3.5500 0.1000
3079 3.5500 0.1500
3080 3.6000 0.1500
3081 3.5500 0.2000
3082 3.5500 0.2500
3083 3.6000 0.2500
3084 3.5500 0.3000
3085 3.5500 0.3500
3086 3.6000 0.3500
3087 3.5500 0.4000
3088 3.5500 0.4500
3089 3.6000 0.4500
3090 3.5500 0.5000
3091 3.5500 0.5500
3092 3.6000 0.5500
3093 3.5500 0.6000
3094 3.5500 0.6500
3095 3.6000 0.6500
3096 3.5500 0.7000
3097 3.5500 0.7500
3098 3.6000 0.7500
3099 3.5500 0.8000
3100 3.5500 0.8500
3101 3.6000 0.8500
3102 3.5500 0.9000
3103 3.5500 0.9500
3104 3.6000 0.9500
3105 3.6500 -0.9500
3106 3.7000 -0.9500
3107 3.6500 -0.9000
3108 3.6500 -0.8500
3109 3.7000 -0.8500
3110 3.6500 -0.8000
3111 3.6500 -0.7500
3112 3.7000 -0.7500
3113 3.6500 -0.7000
3114 3.6500 -0.6500
3115 3.7000 -0.6500
3116 3.6500 -0.6000
3117 3.6500 -0.5500
3118 3.7000 -0.5500
3119 3.6500 -0.5000
3120 3.6500 -0.4500
3121 3.7000 -0.4500
3122 3.6500 -0.4000
3123 3.6500 -0.3500
3124 3.7000 -0.3500
3125 3.6500 -0.3000
3126 3.6500 -0.2500
3127 3.7000 -0.2500
3128 3.6500 -0.2000
3129 3.6500 -0.1500
3130 3.7000 -0.1500
3131 3.6500 -0.1000
3132 3.6500 -0.0500
3133 3.7000 -0.0500
3134 3.6500 -0.0000
3135 3.6500 0.0500
3136 3.7000 0.0500
3137 3.6500 0.1000
3138 3.6500 0.1500
3139 3.7000 0.1500
3140 3.6500 0.2000
3141 3.6500 0.2500
3142 3.7000 0.2500
3143 3.6500 0.3000
3144 3.6500 0.3500
3145 3.7000 0.3500
3146 3.6500 0.4000
3147 3.6500 0.4500
3148 3.7000 0.4500
3149 3.6500 0.5000
3150 3.6500 0.5500
3151 3.7000 0.5500
3152 3.6500 0.6000
3153 3.6500 0.6500
3154 3.7000 0.6500
3155 3.6500 0.7000
3156 3.6500 0.7500
3157 3.7000 0.7500
3158 3.6500 0.8000
3159 3.6500 0.8500
3160 3.7000 0.8500
3161 3.6500 0.9000
3162 3.6500 0.9500
3163 3.7000 0.9500
3164 3.7500 -0.9500
3165 3.8000 -0.9500
3166 3.7500 -0.9000
3167 3.7500 -0.8500
3168 3.8000 -0.8500
3169 3.7500 -0.8000
3170 3.7500 -0.7500
3171 3.8000 -0.7500
3172 3.7500 -0.7000
3173 3.7500 -0.6500
3174 3.8000 -0.6500
3175 3.7500 -0.6000
3176 3.7500 -0.5500
3177 3.8000 -0.5500
3178 3.7500 -0.5000
3179 3.7500 -0.4500
3180 3.8000 -0.4500
3181 3.7500 -0.4000
3182 3.7500 -0.3500
3183 3.8000 -0.3500
3184 3.7500 -0.3000
3185 3.7500 -0.2500
3186 3.8000 -0.2500
3187 3.7500 -0.2000
3188 3.7500 -0.1500
3189 3.8000 -0.1500
3190 3.7500 -0.1000
3191 3.7500 -0.0500
3192 3.8000 -0.0500
3193 3.7500 -0.0000
3194 3.7500 0.0500
3195 3.8000 0.0500
3196 3.7500 0.1000
3197 3.7500 0.1500
3198 3.8000 0.1500
3199 3.7500 0.2000
3200 3.7500 0.2500
3201 3.8000 0.2500
3202 3.7500 0.3000
3203 3.7500 0.3500
3204 3.8000 0.3500
3205 3.7500 0.4000
3206 3.7500 0.4500
3207 3.8000 0.4500
3208 3.7500 0.5000
3209 3.7500 0.5500
3210 3.8000 0.5500
3211 3.7500 0.6000
3212 3.7500 0.6500
3213 3.8000 0.6500
3214 3.7500 0.7000
3215 3.7500 0.7500
3216 3.8000 0.7500
3217 3.7500 0.8000
3218 3.7500 0.8500
3219 3.8000 0.8500
3220 3.7500 0.9000
3221 3.7500 0.9500
3222 3.8000 0.9500
3223 3.8500 -0.9500
3224 3.9000 -0.9500
3225 3.8500 -0.9000
3226 3.8500 -0.8500
3227 3.9000 -0.8500
3228 3.8500 -0.8000
3229 3.8500 -0.7500
3230 3.9000 -0.7500
3231 3.8500 -0.7000
3232 3.8500 -0.6500
3233 3.9000 -0.6500
3234 3.8500 -0.6000
3235 3.8500 -0.5500
3236 3.9000 -0.5500
3237 3.8500 -0.5000
3238 3.8500 -0.4500
3239 3.9000 -0.4500
3240 3.8500 -0.4000
3241 3.8500 -0.3500
3242 3.9000 -0.3500
3243 3.8500 -0.3000
3244 3.8500 -0.2500
3245 3.9000 -0.2500
3246 3.8500 -0.2000
3247 3.8500 -0.1500
3248 3.9000 -0.1500
3249 3.8500 -0.1000
3250 3.8500 -0.0500
3251 3.9000 -0.0500
3252 3.8500 -0.0000
3253 3.8500 0.0500
3254 3.9000 0.0500
3255 3.8500 0.1000
3256 3.8500 0.1500
3257 3.9000 0.1500
3258 3.8500 0.2000
3259 3.8500 0.2500
3260 3.9000 0.2500
3261 3.8500 0.3000
3262 3.8500 0.3500
3263 3.9000 0.3500
3264 3.8500 0.4000
3265 3.8500 0.4500
3266 3.9000 0.4500
3267 3.8500 0.5000
3268 3.8500 0.5500
3269 3.9000 0.5500
3270 3.8500 0.6000
3271 3.8500 0.6500
3272 3.9000 0.6500
3273 3.8500 0.7000
3274 3.8500 0.7500
3275 3.9000 0.7500
3276 3.8500 0.8000
3277 3.8500 0.8500
3278 3.9000 0.8500
3279 3.8500 0.9000
3280 3.8500 0.9500
3281 3.9000 0.9500
3282 3.9500 -0.9500
3283 3.9500 -0.9000
3284 3.9500 -0.8500
3285 3.9500 -0.8000
3286 3.9500 -0.7500
3287 3.9500 -0.7000
3288 3.9500 -0.6500
3289 3.9500 -0.6000
3290 3.9500 -0.5500
3291 3.9500 -0.5000
3292 3.9500 -0.4500
3293 3.9500 -0.4000
3294 3.9500 -0.3500
3295 3.9500 -0.3000
3296 3.9500 -0.2500
3297 3.9500 -0.2000
3298 3.9500 -0.1500
3299 3.9500 -0.1000
3300 3.9500 -0.0500
3301 3.9500 -0.0000
3302 3.9500 0.0500
3303 3.9500 0.1000
3304 3.9500 0.1500
3305 3.9500 0.2000
3306 3.9500 0.2500
3307 3.9500 0.3000
3308 3.9500 0.3500
3309 3.9500 0.4000
3310 3.9500 0.4500
3311 3.9500 0.5000
3312 3.9500 0.5500
3313 3.9500 0.6000
3314 3.9500 0.6500
3315 3.9500 0.7000
3316 3.9500 0.7500
3317 3.9500 0.8000
3318 3.9500 0.8500
3319 3.9500 0.9000
3320 3.9500 0.9500
