    0         3         0       211       889       383
    1         3         0       889       396       383
    2         3         0       757       219       456
    3         3         0       383       883       368
    4         3         0       368       883       148
    5         3         0       355       757       456
    6         3         0       764       358       459
    7         3         0       763       458       357
    8         3         0       171       589       320
    9         3         0       214       314       499
   10         3         0       143       400       420
   11         3         0       222       334       540
   12         3         0       210       367       507
   13         3         0       209       506       366
   14         3         0       184       358       764
   15         3         0       183       763       357
   16         3         0       421       630       644
   17         3         0       300       577       629
   18         3         0       816       532       222
   19         3         0       817       223       533
   20         3         0       150       630       421
   21         3         0       108       509       323
   22         3         0       390       688       553
   23         3         0       237       530       355
   24         3         0       129       688       390
   25         3         0       152       498       322
   26         3         0       259       355       530
   27         3         0       178       331       430
   28         3         0       152       322       466
   29         3         0       212       466       322
   30         3         0       220       317       470
   31         3         0       577       812       629
   32         3         0       141       695       679
   33         3         0       191       522       391
   34         3         0       240       391       522
   35         3         0       191       383       396
   36         3         0       313       607       544
   37         3         0       223       547       335
   38         3         0       763       351       622
   39         3         0       764       623       352
   40         3         0       168       544       607
   41         3         0       183       351       763
   42         3         0       184       764       352
   43         3         0       218       496       327
   44         3         0        95       435       751
   45         3         0       471       854       662
   46         3         0       194       407       541
   47         3         0       393       820       698
   48         3         0       100       101       338
   49         3         0       274       561       473
   50         3         0       275       474       562
   51         3         0       318       599       744
   52         3         0       142       820       393
   53         3         0       220       866       317
   54         3         0       318       832       599
   55         3         0       126       355       456
   56         3         0       214       581       314
   57         3         0       169       457       321
   58         3         0       199       321       457
   59         3         0       163       583       372
   60         3         0       191       343       883
   61         3         0       468       847       616
   62         3         0       211       383       368
   63         3         0       814       476       205
   64         3         0       194       891       347
   65         3         0       307       794       444
   66         3         0       263       602       372
   67         3         0       163       372       602
   68         3         0       302       662       854
   69         3         0       152       468       616
   70         3         0       198       615       339
   71         3         0       469       787       636
   72         3         0       147       440       549
   73         3         0       132       339       454
   74         3         0       370       532       816
   75         3         0       371       817       533
   76         3         0       311       725       391
   77         3         0       186       451       369
   78         3         0       356       476       814
   79         3         0       185       339       421
   80         3         0       191       883       383
   81         3         0       216       333       828
   82         3         0       215       827       332
   83         3         0       216       326       767
   84         3         0       215       766       325
   85         3         0       141       391       725
   86         3         0       136       324       758
   87         3         0       214       809       331
   88         3         0       263       350       602
   89         3         0       194       384       891
   90         3         0       247       730       340
   91         3         0       407       821       541
   92         3         0       201       469       636
   93         3         0       147       549       429
   94         3         0       154       473       561
   95         3         0       155       562       474
   96         3         0       199       471       662
   97         3         0       373       704       656
   98         3         0       374       657       705
   99         3         0       141       392       695
  100         3         0       277       470       700
  101         3         0       188       425       347
  102         3         0       258       626       697
  103         3         0       258       697       429
  104         3         0       163       795       583
  105         3         0       105       106       369
  106         3         0       113       114       362
  107         3         0        81        82       361
  108         3         0       367       579       507
  109         3         0       366       506       578
  110         3         0       252       344       548
  111         3         0       175       329       551
  112         3         0       132       448       339
  113         3         0       699       401       541
  114         3         0       198       339       448
  115         3         0       123       495       460
  116         3         0       257       460       495
  117         3         0        11        12       360
  118         3         0        63        64       359
  119         3         0       126       401       699
  120         3         0       216       828       501
  121         3         0       215       500       827
  122         3         0        23        24       358
  123         3         0        51        52       357
  124         3         0       142       407       750
  125         3         0       813       310       602
  126         3         0       350       813       602
  127         3         0       126       522       396
  128         3         0       277       606       353
  129         3         0       400       702       420
  130         3         0       307       444       618
  131         3         0       142       750       425
  132         3         0       340       666       655
  133         3         0        95        96       435
  134         3         0       226       561       377
  135         3         0       227       376       562
  136         3         0       256       336       644
  137         3         0       164       625       328
  138         3         0       207       508       372
  139         3         0       185       454       339
  140         3         0       126       456       522
  141         3         0       146       373       656
  142         3         0       145       657       374
  143         3         0       175       327       496
  144         3         0       171       463       589
  145         3         0       269       772       382
  146         3         0       382       772       520
  147         3         0       194       401       384
  148         3         0       212       322       640
  149         3         0       216       767       363
  150         3         0       215       364       766
  151         3         0       334       650       540
  152         3         0       232       595       319
  153         3         0        48       687       334
  154         3         0        27       335       686
  155         3         0        82       452       361
  156         3         0       113       362       453
  157         3         0       317       700       470
  158         3         0       259       530       439
  159         3         0       153       439       530
  160         3         0       309       751       435
  161         3         0       211       384       889
  162         3         0       136       758       365
  163         3         0        12       450       360
  164         3         0        63       359       449
  165         3         0       214       499       809
  166         3         0       267       586       429
  167         3         0       147       429       586
  168         3         0       384       401       889
  169         3         0        27       533       335
  170         3         0        48       334       532
  171         3         0       197       343       445
  172         3         0       209       481       461
  173         3         0       210       462       482
  174         3         0       250       461       481
  175         3         0       251       482       462
  176         3         0       180       398       592
  177         3         0       181       591       399
  178         3         0       261       592       398
  179         3         0       260       399       591
  180         3         0       187       348       442
  181         3         0       187       443       348
  182         3         0       248       479       463
  183         3         0       249       464       480
  184         3         0       206       463       479
  185         3         0       207       480       464
  186         3         0       141       685       391
  187         3         0       124       321       588
  188         3         0       188       347       586
  189         3         0       255       666       340
  190         3         0       236       732       323
  191         3         0       263       718       350
  192         3         0       100       338       465
  193         3         0       171       409       463
  194         3         0       170       464       410
  195         3         0       248       463       409
  196         3         0       249       410       464
  197         3         0       105       369       451
  198         3         0       232       319       855
  199         3         0       124       504       321
  200         3         0       169       340       457
  201         3         0       186       665       451
  202         3         0        58       438       798
  203         3         0        17       799       437
  204         3         0       320       792       402
  205         3         0       135       402       792
  206         3         0       340       730       457
  207         3         0       339       615       421
  208         3         0       250       411       461
  209         3         0       251       462       412
  210         3         0       172       461       411
  211         3         0       173       412       462
  212         3         0       214       331       715
  213         3         0       267       607       419
  214         3         0       136       508       324
  215         3         0       115       116       381
  216         3         0        79        80       380
  217         3         0       308       482       749
  218         3         0       102       523       513
  219         3         0       171       320       612
  220         3         0        24       459       358
  221         3         0        51       357       458
  222         3         0        35       443       735
  223         3         0        40       734       442
  224         3         0       336       784       644
  225         3         0         9        10       377
  226         3         0        65        66       376
  227         3         0        92       478       671
  228         3         0       150       337       487
  229         3         0       205       487       337
  230         3         0       141       445       685
  231         3         0       182       553       408
  232         3         0       151       655       666
  233         3         0       169       321       849
  234         3         0       150       615       337
  235         3         0       273       380       786
  236         3         0       272       785       381
  237         3         0       202       510       403
  238         3         0       203       404       511
  239         3         0       171       323       617
  240         3         0       364       575       766
  241         3         0       363       767       574
  242         3         0       205       337       477
  243         3         0       196       449       359
  244         3         0       195       360       450
  245         3         0       204       440       368
  246         3         0       195       877       345
  247         3         0       196       346       878
  248         3         0       356       652       476
  249         3         0       236       323       612
  250         3         0       171       612       323
  251         3         0       170       581       324
  252         3         0       170       324       724
  253         3         0       235       342       790
  254         3         0       234       789       341
  255         3         0       175       654       329
  256         3         0       215       325       584
  257         3         0       216       585       326
  258         3         0       172       325       723
  259         3         0       173       722       326
  260         3         0       193       361       452
  261         3         0       192       453       362
  262         3         0       199       588       321
  263         3         0       200       647       370
  264         3         0       201       371       648
  265         3         0       156       566       491
  266         3         0       157       490       565
  267         3         0       197       576       343
  268         3         0        32        33       415
  269         3         0        42        43       416
  270         3         0       226       516       561
  271         3         0       227       562       517
  272         3         0       268       693       502
  273         3         0        87       803       436
  274         3         0       281       491       566
  275         3         0       280       565       490
  276         3         0       254       487       476
  277         3         0       205       476       487
  278         3         0       218       327       726
  279         3         0        58        59       438
  280         3         0        16        17       437
  281         3         0       234       341       838
  282         3         0       235       837       342
  283         3         0       108       323       732
  284         3         0       766       575       137
  285         3         0       767       138       574
  286         3         0       304       679       695
  287         3         0        92        93       478
  288         3         0       172       584       325
  289         3         0       173       326       585
  290         3         0       217       492       710
  291         3         0       217       710       594
  292         3         0       335       547       651
  293         3         0        35        36       443
  294         3         0        39        40       442
  295         3         0       240       456       498
  296         3         0        44        45       417
  297         3         0        30        31       418
  298         3         0       219       498       456
  299         3         0       108       109       509
  300         3         0       164       328       629
  301         3         0       370       819       532
  302         3         0       371       533       818
  303         3         0       255       340       674
  304         3         0       169       674       340
  305         3         0       178       715       331
  306         3         0       201       418       469
  307         3         0       200       468       417
  308         3         0       285       469       418
  309         3         0       284       417       468
  310         3         0       231       587       354
  311         3         0       322       498       874
  312         3         0       101       513       338
  313         3         0       175       551       327
  314         3         0       215       332       714
  315         3         0       216       713       333
  316         3         0       380       525       786
  317         3         0       381       785       524
  318         3         0       158       486       570
  319         3         0       159       571       485
  320         3         0       282       570       486
  321         3         0       283       485       571
  322         3         0        86        87       436
  323         3         0       330       637       239
  324         3         0       419       607       743
  325         3         0       307       481       796
  326         3         0       308       797       482
  327         3         0       345       877       627
  328         3         0       346       628       878
  329         3         0       118       119       433
  330         3         0        76        77       434
  331         3         0       218       460       496
  332         3         0       395       621       824
  333         3         0       394       823       620
  334         3         0       211       368       752
  335         3         0       802       330       239
  336         3         0         6         7       431
  337         3         0        68        69       432
  338         3         0       139       608       389
  339         3         0       136       365       573
  340         3         0       795       163       639
  341         3         0       185       644       784
  342         3         0       143       514       400
  343         3         0       162       444       794
  344         3         0       222       532       334
  345         3         0       223       335       533
  346         3         0       114       538       362
  347         3         0        81       361       537
  348         3         0       277       353       747
  349         3         0       200       417       647
  350         3         0       201       648       418
  351         3         0       344       733       548
  352         3         0       182       611       390
  353         3         0       367       795       639
  354         3         0       220       505       866
  355         3         0       256       688       336
  356         3         0       261       705       657
  357         3         0       260       656       704
  358         3         0       200       392       725
  359         3         0       289       728       386
  360         3         0       290       387       729
  361         3         0       133       386       728
  362         3         0       134       729       387
  363         3         0       148       515       368
  364         3         0       119       675       433
  365         3         0        76       434       676
  366         3         0        93       531       478
  367         3         0       239       552       336
  368         3         0       182       467       388
  369         3         0       218       388       467
  370         3         0       252       673       344
  371         3         0        20       332       827
  372         3         0        55       828       333
  373         3         0        20       597       332
  374         3         0        55       333       598
  375         3         0       316       798       438
  376         3         0       315       437       799
  377         3         0         0         3       122
  378         3         0        72         2        73
  379         3         0       257       793       375
  380         3         0       253       367       639
  381         3         0       142       393       636
  382         3         0       254       467       408
  383         3         0        11       360       534
  384         3         0        64       535       359
  385         3         0       231       354       512
  386         3         0         6       431       680
  387         3         0        69       681       432
  388         3         0       306       502       693
  389         3         0       224       362       538
  390         3         0       225       537       361
  391         3         0        32       415       741
  392         3         0        43       740       416
  393         3         0       120       121       406
  394         3         0        74        75       405
  395         3         0       126       396       889
  396         3         0       239       336       603
  397         3         0       276       536       523
  398         3         0       238       523       536
  399         3         0       235       790       373
  400         3         0       234       374       789
  401         3         0       247       340       655
  402         3         0        42       416       493
  403         3         0        33       494       415
  404         3         0       307       831       481
  405         3         0       209       366       796
  406         3         0       210       797       367
  407         3         0       226       534       360
  408         3         0       227       359       535
  409         3         0        70        71       405
  410         3         0         4         5       406
  411         3         0       174       601       338
  412         3         0       126       889       401
  413         3         0       174       599       832
  414         3         0       608       615       198
  415         3         0       186       402       554
  416         3         0       337       615       608
  417         3         0       197       445       569
  418         3         0       824       621       293
  419         3         0       823       292       620
  420         3         0       185       427       454
  421         3         0       174       338       599
  422         3         0       277       765       606
  423         3         0       125       385       813
  424         3         0       310       813       385
  425         3         0       164       629       812
  426         3         0       299       735       443
  427         3         0       298       442       734
  428         3         0       408       553       630
  429         3         0        23       358       568
  430         3         0        52       567       357
  431         3         0       309       435       572
  432         3         0       194       347       750
  433         3         0       148       375       515
  434         3         0       524       779       745
  435         3         0       525       746       780
  436         3         0       504       765       700
  437         3         0        93        94       531
  438         3         0       225       746       525
  439         3         0       224       524       745
  440         3         0       234       568       358
  441         3         0       235       357       567
  442         3         0       264       448       422
  443         3         0       191       685       343
  444         3         0        44       417       740
  445         3         0        31       741       418
  446         3         0       132       422       448
  447         3         0        54       598       342
  448         3         0        21       341       597
  449         3         0        21       838       341
  450         3         0        54       342       837
  451         3         0       276       451       665
  452         3         0       186       554       426
  453         3         0       195       345       689
  454         3         0       196       690       346
  455         3         0       311       391       860
  456         3         0       314       436       803
  457         3         0       116       709       381
  458         3         0        79       380       708
  459         3         0       123       652       495
  460         3         0       246       454       427
  461         3         0       215       714       364
  462         3         0       216       363       713
  463         3         0       149       427       552
  464         3         0       204       368       515
  465         3         0       123       476       652
  466         3         0       778       145       563
  467         3         0       777       564       146
  468         3         0       414       778       563
  469         3         0       413       564       777
  470         3         0       161       600       352
  471         3         0       181       399       663
  472         3         0       128       749       482
  473         3         0       238       513       523
  474         3         0       145       374       563
  475         3         0       146       564       373
  476         3         0       234       563       374
  477         3         0       235       373       564
  478         3         0       372       508       619
  479         3         0       183       773       351
  480         3         0       184       352       774
  481         3         0       129       390       895
  482         3         0       136       573       397
  483         3         0       147       891       752
  484         3         0         9       377       706
  485         3         0        66       707       376
  486         3         0       368       440       752
  487         3         0       137       575       398
  488         3         0       138       399       574
  489         3         0       495       652       727
  490         3         0       212       640       420
  491         3         0       212       416       466
  492         3         0       284       466       416
  493         3         0       311       616       847
  494         3         0       220       470       441
  495         3         0        48        49       687
  496         3         0        26        27       686
  497         3         0       182       408       467
  498         3         0       329       869       551
  499         3         0       259       757       355
  500         3         0       390       611       842
  501         3         0        82        83       452
  502         3         0       112       113       453
  503         3         0       384       752       891
  504         3         0       125       447       594
  505         3         0       126       699       355
  506         3         0       299       701       494
  507         3         0       183       632       413
  508         3         0       184       414       633
  509         3         0       187       442       702
  510         3         0       298       702       442
  511         3         0       237       355       699
  512         3         0       200       725       847
  513         3         0       160       351       596
  514         3         0        12        13       450
  515         3         0        62        63       449
  516         3         0       139       477       608
  517         3         0       189       775       433
  518         3         0       190       434       776
  519         3         0       160       622       351
  520         3         0       161       352       623
  521         3         0       207       583       480
  522         3         0       202       378       510
  523         3         0       203       511       379
  524         3         0       375       793       515
  525         3         0       196       359       690
  526         3         0       195       689       360
  527         3         0       328       625       876
  528         3         0       294       518       677
  529         3         0       295       678       519
  530         3         0       189       431       781
  531         3         0       190       782       432
  532         3         0       305       505       544
  533         3         0       106       560       369
  534         3         0       150       421       615
  535         3         0       236       369       560
  536         3         0       193       641       361
  537         3         0       192       362       642
  538         3         0       217       546       423
  539         3         0       135       898       402
  540         3         0       272       381       709
  541         3         0       273       708       380
  542         3         0       219       874       498
  543         3         0       285       741       415
  544         3         0       284       416       740
  545         3         0       238       744       599
  546         3         0       144       382       520
  547         3         0       208       504       700
  548         3         0       187       702       400
  549         3         0       274       706       377
  550         3         0       275       376       707
  551         3         0       111       682       489
  552         3         0        84       488       683
  553         3         0       227       690       359
  554         3         0       226       360       689
  555         3         0       265       433       675
  556         3         0       266       676       434
  557         3         0       278       455       753
  558         3         0       188       586       762
  559         3         0       262       653       397
  560         3         0       179       397       653
  561         3         0       212       493       416
  562         3         0       213       415       494
  563         3         0       313       544       742
  564         3         0       286       577       653
  565         3         0       200       370       816
  566         3         0       201       817       371
  567         3         0       265       680       431
  568         3         0       266       432       681
  569         3         0       139       389       539
  570         3         0       225       525       380
  571         3         0       224       381       524
  572         3         0       284       740       417
  573         3         0       285       418       741
  574         3         0       227       535       376
  575         3         0       226       377       534
  576         3         0       235       632       357
  577         3         0       234       358       633
  578         3         0       403       510       604
  579         3         0       404       605       511
  580         3         0        65       376       535
  581         3         0        10       534       377
  582         3         0       218       726       388
  583         3         0       217       423       492
  584         3         0       183       357       632
  585         3         0       184       633       358
  586         3         0       118       433       526
  587         3         0        77       527       434
  588         3         0       252       366       578
  589         3         0       253       579       367
  590         3         0       110       111       489
  591         3         0        84        85       488
  592         3         0       179       718       397
  593         3         0       147       752       440
  594         3         0       225       361       641
  595         3         0       224       642       362
  596         3         0       445       679       569
  597         3         0       213       555       415
  598         3         0        80       537       380
  599         3         0       115       381       538
  600         3         0       143       640       521
  601         3         0       225       380       537
  602         3         0       224       538       381
  603         3         0        24        25       459
  604         3         0        50        51       458
  605         3         0       234       838       568
  606         3         0       235       567       837
  607         3         0       102       103       523
  608         3         0         7       528       431
  609         3         0        68       432       529
  610         3         0       428       624       890
  611         3         0       278       753       654
  612         3         0       153       555       439
  613         3         0       140       660       388
  614         3         0       191       396       522
  615         3         0       165       441       470
  616         3         0       240       860       391
  617         3         0       269       671       478
  618         3         0       433       775       526
  619         3         0       434       527       776
  620         3         0       265       406       680
  621         3         0       266       681       405
  622         3         0        41        42       493
  623         3         0        33        34       494
  624         3         0       277       747       470
  625         3         0       213       494       701
  626         3         0       121       559       406
  627         3         0        74       405       558
  628         3         0       265       675       406
  629         3         0       266       405       676
  630         3         0        14        15       484
  631         3         0        60        61       483
  632         3         0       130       428       672
  633         3         0       268       672       428
  634         3         0       188       502       425
  635         3         0        14       484       691
  636         3         0        61       692       483
  637         3         0         4       406       559
  638         3         0        71       558       405
  639         3         0       291       636       787
  640         3         0       125       825       385
  641         3         0       133       627       518
  642         3         0       134       519       628
  643         3         0       296       518       627
  644         3         0       297       628       519
  645         3         0       394       778       823
  646         3         0       395       824       777
  647         3         0       431       528       781
  648         3         0       432       782       529
  649         3         0       252       886       366
  650         3         0       142       636       830
  651         3         0       250       645       378
  652         3         0       251       379       646
  653         3         0       302       475       444
  654         3         0       424       572       851
  655         3         0       851       572       231
  656         3         0       200       816       392
  657         3         0       201       393       817
  658         3         0       206       444       475
  659         3         0       890       624       228
  660         3         0       186       369       638
  661         3         0       521       640       874
  662         3         0       232       844       788
  663         3         0        27        28       533
  664         3         0        47        48       532
  665         3         0       303       754       548
  666         3         0       104       105       451
  667         3         0       823       778       228
  668         3         0       824       229       777
  669         3         0       236       638       369
  670         3         0       207       372       583
  671         3         0       240       522       456
  672         3         0       402       898       554
  673         3         0       209       796       481
  674         3         0       210       482       797
  675         3         0        46       370       647
  676         3         0        29       648       371
  677         3         0       731       608       198
  678         3         0       389       608       731
  679         3         0       157       404       880
  680         3         0       156       879       403
  681         3         0       275       562       376
  682         3         0       274       377       561
  683         3         0       309       572       893
  684         3         0       480       583       749
  685         3         0       178       430       755
  686         3         0       182       390       553
  687         3         0       144       520       737
  688         3         0       305       544       848
  689         3         0       246       791       472
  690         3         0        99       100       465
  691         3         0       232       543       844
  692         3         0       477       861       814
  693         3         0       192       642       386
  694         3         0       193       387       641
  695         3         0       250       378       669
  696         3         0       251       670       379
  697         3         0       158       669       378
  698         3         0       159       379       670
  699         3         0       158       378       858
  700         3         0       159       859       379
  701         3         0       213       439       555
  702         3         0       243       409       617
  703         3         0       171       617       409
  704         3         0       148       850       375
  705         3         0       144       737       844
  706         3         0       202       677       518
  707         3         0       203       519       678
  708         3         0       236       560       732
  709         3         0        46       819       370
  710         3         0        29       371       818
  711         3         0       289       881       728
  712         3         0       290       729       882
  713         3         0       263       372       619
  714         3         0       194       541       401
  715         3         0       347       425       750
  716         3         0       399       815       663
  717         3         0       125       594       825
  718         3         0       133       871       386
  719         3         0       134       387       872
  720         3         0       257       496       460
  721         3         0         5       680       406
  722         3         0        70       405       681
  723         3         0       269       382       755
  724         3         0       314       803       499
  725         3         0        75       676       405
  726         3         0       120       406       675
  727         3         0       213       514       439
  728         3         0       303       548       733
  729         3         0       308       583       795
  730         3         0       137       506       766
  731         3         0       138       767       507
  732         3         0       325       766       506
  733         3         0       326       507       767
  734         3         0       281       489       682
  735         3         0       280       683       488
  736         3         0        96       587       435
  737         3         0       356       626       652
  738         3         0       228       778       414
  739         3         0       229       413       777
  740         3         0       258       652       626
  741         3         0       184       774       414
  742         3         0       183       413       773
  743         3         0       472       791       556
  744         3         0       218       875       460
  745         3         0       205       477       814
  746         3         0       144       543       593
  747         3         0       286       593       543
  748         3         0       259       439       808
  749         3         0       302       444       754
  750         3         0       162       754       444
  751         3         0       211       752       384
  752         3         0       217       865       546
  753         3         0       255       422       643
  754         3         0       132       643       422
  755         3         0       285       415       555
  756         3         0       132       454       664
  757         3         0       230       551       869
  758         3         0       151       666       744
  759         3         0       344       673       852
  760         3         0       142       425       820
  761         3         0       262       397       573
  762         3         0       140       423       546
  763         3         0       261       398       575
  764         3         0       260       574       399
  765         3         0       204       549       440
  766         3         0       414       563       633
  767         3         0       413       632       564
  768         3         0       187       400       845
  769         3         0       289       386       745
  770         3         0       290       746       387
  771         3         0       242       631       410
  772         3         0       170       410       631
  773         3         0       117       118       526
  774         3         0        77        78       527
  775         3         0       149       512       556
  776         3         0       400       514       701
  777         3         0       182       388       611
  778         3         0       257       375       694
  779         3         0       282       691       484
  780         3         0       283       483       692
  781         3         0       172       411       634
  782         3         0       173       635       412
  783         3         0       244       634       411
  784         3         0       245       412       635
  785         3         0       202       658       378
  786         3         0       203       379       659
  787         3         0       220       742       544
  788         3         0       289       516       881
  789         3         0       290       882       517
  790         3         0       179       653       577
  791         3         0         7         8       528
  792         3         0        67        68       529
  793         3         0       310       385       801
  794         3         0       247       426       554
  795         3         0       144       846       382
  796         3         0       140       388       726
  797         3         0       229       661       446
  798         3         0       124       588       733
  799         3         0       256       644       630
  800         3         0       300       629       447
  801         3         0       188       419       759
  802         3         0       192       386       711
  803         3         0       193       712       387
  804         3         0       230       423       609
  805         3         0       258       429       549
  806         3         0       178       903       715
  807         3         0       248       403       604
  808         3         0       249       605       404
  809         3         0       665       884       276
  810         3         0       166       492       894
  811         3         0       460       875       590
  812         3         0       166       894       497
  813         3         0       884       536       276
  814         3         0       162       548       754
  815         3         0       167       572       424
  816         3         0       320       402       829
  817         3         0       208       700       539
  818         3         0       317       539       700
  819         3         0       201       636       393
  820         3         0       237       541       821
  821         3         0       127       481       831
  822         3         0        88        89       499
  823         3         0       292       624       545
  824         3         0       142       830       407
  825         3         0       101       102       513
  826         3         0       191       391       685
  827         3         0       192       711       491
  828         3         0       193       490       712
  829         3         0       294       491       711
  830         3         0       295       712       490
  831         3         0       157       667       404
  832         3         0       156       403       668
  833         3         0       170       724       464
  834         3         0       141       725       392
  835         3         0       427       784       552
  836         3         0       249       404       667
  837         3         0       248       668       403
  838         3         0       292       545       441
  839         3         0       130       545       624
  840         3         0       239       424       717
  841         3         0       138       815       399
  842         3         0       277       700       765
  843         3         0       172       723       461
  844         3         0       173       462       722
  845         3         0        18        19       500
  846         3         0        56        57       501
  847         3         0       274       473       781
  848         3         0       275       782       474
  849         3         0       268       502       759
  850         3         0       232       855       550
  851         3         0       439       514       808
  852         3         0       169       849       503
  853         3         0       136       397       896
  854         3         0       186       638       402
  855         3         0       221       478       531
  856         3         0       389       731       649
  857         3         0       327       609       726
  858         3         0       264       649       731
  859         3         0       300       447       783
  860         3         0       125       783       447
  861         3         0       137       398       836
  862         3         0       149       851       512
  863         3         0       231       572       435
  864         3         0       404       678       880
  865         3         0       403       879       677
  866         3         0       230       894       423
  867         3         0       343       685       445
  868         3         0       180       673       398
  869         3         0       212       420       856
  870         3         0       246       748       664
  871         3         0       197       822       576
  872         3         0       167       424       637
  873         3         0       239       637       424
  874         3         0       241       842       611
  875         3         0       268       428       600
  876         3         0       161       547       693
  877         3         0       256       553       688
  878         3         0       287       770       620
  879         3         0       288       621       771
  880         3         0       394       620       770
  881         3         0       395       771       621
  882         3         0       243       864       409
  883         3         0       242       410       863
  884         3         0       140       609       423
  885         3         0       233       582       465
  886         3         0       244       411       867
  887         3         0       245       868       412
  888         3         0       419       743       672
  889         3         0       743       130       672
  890         3         0       247       655       426
  891         3         0       228       414       774
  892         3         0       229       773       413
  893         3         0       349       643       664
  894         3         0       132       664       643
  895         3         0       194       750       407
  896         3         0        96        97       587
  897         3         0       306       698       820
  898         3         0       149       717       851
  899         3         0       202       403       677
  900         3         0       203       678       404
  901         3         0       279       596       446
  902         3         0        91       430       835
  903         3         0       306       693       547
  904         3         0       248       409       668
  905         3         0       249       667       410
  906         3         0       104       451       720
  907         3         0       276       720       451
  908         3         0       354       587       870
  909         3         0       328       546       865
  910         3         0       231       435       587
  911         3         0       250       669       411
  912         3         0       251       412       670
  913         3         0       397       718       896
  914         3         0       254       408       873
  915         3         0       140       726       609
  916         3         0       283       571       483
  917         3         0       282       484       570
  918         3         0       245       483       571
  919         3         0       244       570       484
  920         3         0       210       722       462
  921         3         0       209       461       723
  922         3         0       206       475       589
  923         3         0       425       502       820
  924         3         0       242       565       488
  925         3         0       243       489       566
  926         3         0       280       488       565
  927         3         0       281       566       489
  928         3         0       318       744       666
  929         3         0        45       647       417
  930         3         0        30       418       648
  931         3         0       269       755       430
  932         3         0       207       464       724
  933         3         0        91       671       430
  934         3         0       131       736       446
  935         3         0       279       446       736
  936         3         0       323       509       617
  937         3         0       143       420       640
  938         3         0       349       664       748
  939         3         0       130       624       428
  940         3         0       304       540       684
  941         3         0       160       684       540
  942         3         0       185       421       644
  943         3         0       233       465       601
  944         3         0       241       876       625
  945         3         0       293       621       888
  946         3         0       160       540       650
  947         3         0       267       419       762
  948         3         0       188       762       419
  949         3         0       293       497       557
  950         3         0       299       494       735
  951         3         0       298       734       493
  952         3         0       426       655       884
  953         3         0       271       686       651
  954         3         0       270       650       687
  955         3         0       233       601       472
  956         3         0       153       834       555
  957         3         0       294       871       518
  958         3         0       295       519       872
  959         3         0       254       476       590
  960         3         0       123       590       476
  961         3         0       329       753       557
  962         3         0       151       884       655
  963         3         0       131       557       753
  964         3         0       248       604       479
  965         3         0       249       480       605
  966         3         0       127       479       604
  967         3         0       128       605       480
  968         3         0       233       472       556
  969         3         0       208       503       849
  970         3         0       255       674       422
  971         3         0       319       595       895
  972         3         0       208       849       504
  973         3         0       124       733       606
  974         3         0         3         4       559
  975         3         0        71        72       558
  976         3         0       344       606       733
  977         3         0       186       426       665
  978         3         0       264       422       716
  979         3         0        10        11       534
  980         3         0        64        65       535
  981         3         0       149       791       427
  982         3         0        80        81       537
  983         3         0       114       115       538
  984         3         0       217       594       447
  985         3         0       246       427       791
  986         3         0       220       544       505
  987         3         0        73        74       558
  988         3         0       121       122       559
  989         3         0        59       614       438
  990         3         0        16       437       613
  991         3         0       449       807       692
  992         3         0       450       691       806
  993         3         0       378       645       510
  994         3         0       379       511       646
  995         3         0       298       493       856
  996         3         0       185       784       427
  997         3         0       356       814       848
  998         3         0        86       436       610
  999         3         0       154       561       516
 1000         3         0       155       517       562
 1001         3         0       335       651       686
 1002         3         0       334       687       650
 1003         3         0       242       610       436
 1004         3         0       206       618       444
 1005         3         0       165       470       747
 1006         3         0        62       449       692
 1007         3         0        13       691       450
 1008         3         0       180       852       673
 1009         3         0       254       875       467
 1010         3         0       136       619       508
 1011         3         0       137       578       506
 1012         3         0       138       507       579
 1013         3         0       314       897       436
 1014         3         0       267       429       697
 1015         3         0       244       613       437
 1016         3         0       245       438       614
 1017         3         0       210       507       722
 1018         3         0       209       723       506
 1019         3         0       233       887       582
 1020         3         0        83       683       452
 1021         3         0       112       453       682
 1022         3         0        99       465       582
 1023         3         0       207       724       508
 1024         3         0       331       835       430
 1025         3         0       353       852       756
 1026         3         0       206       589       463
 1027         3         0       123       460       590
 1028         3         0       315       901       437
 1029         3         0       316       438       902
 1030         3         0       174       472       601
 1031         3         0       452       683       804
 1032         3         0       453       805       682
 1033         3         0       163       602       639
 1034         3         0       310       639       602
 1035         3         0       269       430       671
 1036         3         0       512       887       556
 1037         3         0        98        99       582
 1038         3         0       242       436       631
 1039         3         0       161       651       547
 1040         3         0       187       845       443
 1041         3         0       299       443       845
 1042         3         0        98       582       870
 1043         3         0       292       862       620
 1044         3         0       388       660       611
 1045         3         0       286       543       550
 1046         3         0       153       530       703
 1047         3         0       348       839       442
 1048         3         0       348       443       840
 1049         3         0       244       437       634
 1050         3         0       245       635       438
 1051         3         0       256       630       553
 1052         3         0       239       603       802
 1053         3         0       175       496       694
 1054         3         0        88       499       803
 1055         3         0       338       601       465
 1056         3         0       338       513       599
 1057         3         0       238       599       513
 1058         3         0       189       760       431
 1059         3         0       190       432       761
 1060         3         0       265       431       760
 1061         3         0       266       761       432
 1062         3         0       189       433       760
 1063         3         0       190       761       434
 1064         3         0       265       760       433
 1065         3         0       266       434       761
 1066         3         0       500       905       799
 1067         3         0       501       798       904
 1068         3         0        18       500       799
 1069         3         0        57       798       501
 1070         3         0       106       107       560
 1071         3         0       337       608       477
 1072         3         0       202       518       658
 1073         3         0       203       659       519
 1074         3         0       296       658       518
 1075         3         0       297       519       659
 1076         3         0        52        53       567
 1077         3         0        22        23       568
 1078         3         0       288       656       591
 1079         3         0       287       592       657
 1080         3         0       222       695       816
 1081         3         0        39       442       839
 1082         3         0        36       840       443
 1083         3         0       283       692       807
 1084         3         0       282       806       691
 1085         3         0       260       704       574
 1086         3         0       261       575       705
 1087         3         0       301       580       826
 1088         3         0       279       569       684
 1089         3         0       304       684       569
 1090         3         0       336       688       603
 1091         3         0       365       715       903
 1092         3         0       423       894       492
 1093         3         0       232       550       543
 1094         3         0       580       857       826
 1095         3         0       286       653       593
 1096         3         0       303       733       588
 1097         3         0       166       621       580
 1098         3         0       288       580       621
 1099         3         0       354       870       582
 1100         3         0       305       814       861
 1101         3         0       447       629       865
 1102         3         0        89        90       809
 1103         3         0       293       557       661
 1104         3         0       131       661       557
 1105         3         0        19        20       827
 1106         3         0        55        56       828
 1107         3         0       168       697       626
 1108         3         0       131       446       661
 1109         3         0       392       816       695
 1110         3         0       354       582       887
 1111         3         0        90       835       809
 1112         3         0        72        73       558
 1113         3         0         3       559       122
 1114         3         0       280       804       683
 1115         3         0       281       682       805
 1116         3         0       150       873       630
 1117         3         0       408       630       873
 1118         3         0       107       108       732
 1119         3         0       229       446       885
 1120         3         0       141       679       445
 1121         3         0       167       739       542
 1122         3         0       312       542       739
 1123         3         0       133       728       627
 1124         3         0       134       628       729
 1125         3         0       165       862       441
 1126         3         0       313       545       743
 1127         3         0       292       441       862
 1128         3         0       345       627       728
 1129         3         0       346       729       628
 1130         3         0       130       743       545
 1131         3         0       151       744       536
 1132         3         0       264       503       649
 1133         3         0       246       664       454
 1134         3         0       208       649       503
 1135         3         0       230       609       551
 1136         3         0       327       551       609
 1137         3         0       214       758       581
 1138         3         0       324       581       758
 1139         3         0        85       610       488
 1140         3         0        29        30       648
 1141         3         0        45        46       647
 1142         3         0       242       488       610
 1143         3         0        53        54       837
 1144         3         0        21        22       838
 1145         3         0        90        91       835
 1146         3         0       229       824       661
 1147         3         0       244       484       613
 1148         3         0       245       614       483
 1149         3         0        15       613       484
 1150         3         0        60       483       614
 1151         3         0        54        55       598
 1152         3         0        20        21       597
 1153         3         0       220       441       742
 1154         3         0       240       498       616
 1155         3         0       199       457       730
 1156         3         0       199       662       588
 1157         3         0       303       588       662
 1158         3         0       264       731       448
 1159         3         0       127       604       510
 1160         3         0       128       511       605
 1161         3         0       239       717       552
 1162         3         0       206       479       618
 1163         3         0       217       447       865
 1164         3         0       198       448       731
 1165         3         0       378       658       858
 1166         3         0       379       859       659
 1167         3         0       213       701       514
 1168         3         0       262       573       719
 1169         3         0       152       616       498
 1170         3         0       168       848       544
 1171         3         0       313       743       607
 1172         3         0        59        60       614
 1173         3         0        15        16       613
 1174         3         0        91        92       671
 1175         3         0       243       696       489
 1176         3         0        41       493       734
 1177         3         0        34       735       494
 1178         3         0       246       472       748
 1179         3         0        49        50       769
 1180         3         0        25        26       768
 1181         3         0       288       771       656
 1182         3         0       287       657       770
 1183         3         0       180       756       852
 1184         3         0        85        86       610
 1185         3         0       330       595       788
 1186         3         0       232       788       595
 1187         3         0       196       807       449
 1188         3         0       195       450       806
 1189         3         0       140       546       660
 1190         3         0       189       781       473
 1191         3         0       190       474       782
 1192         3         0       197       843       455
 1193         3         0       386       871       711
 1194         3         0       387       712       872
 1195         3         0       247       898       471
 1196         3         0       199       730       471
 1197         3         0       193       452       804
 1198         3         0       192       805       453
 1199         3         0       131       455       736
 1200         3         0       419       672       759
 1201         3         0       302       854       475
 1202         3         0       243       617       509
 1203         3         0       131       753       455
 1204         3         0       197       455       822
 1205         3         0       139       539       866
 1206         3         0       127       645       481
 1207         3         0       128       482       646
 1208         3         0       250       481       645
 1209         3         0       251       646       482
 1210         3         0       278       822       455
 1211         3         0       574       704       899
 1212         3         0       575       900       705
 1213         3         0       109       696       509
 1214         3         0         1        38       800
 1215         3         0         1       800        37
 1216         3         0       135       475       854
 1217         3         0       305       848       814
 1218         3         0       204       495       727
 1219         3         0       212       856       493
 1220         3         0       243       509       696
 1221         3         0       270       769       458
 1222         3         0       271       459       768
 1223         3         0        50       458       769
 1224         3         0        25       768       459
 1225         3         0       109       110       696
 1226         3         0       153       703       787
 1227         3         0       270       458       763
 1228         3         0       271       764       459
 1229         3         0       257       694       496
 1230         3         0       275       707       529
 1231         3         0       274       528       706
 1232         3         0        67       529       707
 1233         3         0         8       706       528
 1234         3         0       178       755       719
 1235         3         0       382       719       755
 1236         3         0       352       600       890
 1237         3         0        78       708       527
 1238         3         0       117       526       709
 1239         3         0       273       527       708
 1240         3         0       272       709       526
 1241         3         0       289       779       516
 1242         3         0       290       517       780
 1243         3         0       154       516       779
 1244         3         0       155       780       517
 1245         3         0       385       826       663
 1246         3         0       181       663       826
 1247         3         0       254       873       487
 1248         3         0       356       848       626
 1249         3         0       301       710       580
 1250         3         0       166       580       710
 1251         3         0       291       821       830
 1252         3         0       420       702       856
 1253         3         0       298       856       702
 1254         3         0       127       510       645
 1255         3         0       128       646       511
 1256         3         0       148       883       576
 1257         3         0       343       576       883
 1258         3         0       110       489       696
 1259         3         0       247       471       730
 1260         3         0       272       775       473
 1261         3         0       273       474       776
 1262         3         0       189       473       775
 1263         3         0       190       776       474
 1264         3         0       223       817       698
 1265         3         0       393       698       817
 1266         3         0       195       806       486
 1267         3         0       196       485       807
 1268         3         0       139       505       861
 1269         3         0       305       861       505
 1270         3         0       272       473       785
 1271         3         0       273       786       474
 1272         3         0       166       710       492
 1273         3         0       152       466       833
 1274         3         0       154       785       473
 1275         3         0       155       474       786
 1276         3         0       284       833       466
 1277         3         0       204       793       495
 1278         3         0       234       633       563
 1279         3         0       235       564       632
 1280         3         0       127       831       479
 1281         3         0       317       866       539
 1282         3         0       174       748       472
 1283         3         0       218       467       875
 1284         3         0       153       787       469
 1285         3         0       297       859       485
 1286         3         0       296       486       858
 1287         3         0       158       858       486
 1288         3         0       159       485       859
 1289         3         0       237       699       541
 1290         3         0       200       847       468
 1291         3         0       129       895       595
 1292         3         0       152       833       468
 1293         3         0       284       468       833
 1294         3         0       153       469       834
 1295         3         0       285       834       469
 1296         3         0       230       869       497
 1297         3         0       228       624       823
 1298         3         0       147       586       891
 1299         3         0       347       891       586
 1300         3         0       169       503       716
 1301         3         0       264       716       503
 1302         3         0       282       486       806
 1303         3         0       283       807       485
 1304         3         0       138       579       815
 1305         3         0       400       701       845
 1306         3         0       299       845       701
 1307         3         0       156       491       879
 1308         3         0       157       880       490
 1309         3         0       280       490       804
 1310         3         0       281       805       491
 1311         3         0       193       804       490
 1312         3         0       192       491       805
 1313         3         0       389       649       539
 1314         3         0       374       705       789
 1315         3         0       373       790       704
 1316         3         0       177       789       705
 1317         3         0       176       704       790
 1318         3         0       315       799       905
 1319         3         0       316       904       798
 1320         3         0       103       720       523
 1321         3         0       221       737       520
 1322         3         0       222       540       695
 1323         3         0       276       523       720
 1324         3         0       195       486       877
 1325         3         0       196       878       485
 1326         3         0       345       728       881
 1327         3         0       346       882       729
 1328         3         0       188       759       502
 1329         3         0       135       792       475
 1330         3         0       119       120       675
 1331         3         0        75        76       676
 1332         3         0       407       830       821
 1333         3         0       128       480       749
 1334         3         0         5         6       680
 1335         3         0        69        70       681
 1336         3         0       111       112       682
 1337         3         0        83        84       683
 1338         3         0       243       566       864
 1339         3         0       242       863       565
 1340         3         0       252       548       886
 1341         3         0       143       808       514
 1342         3         0       289       745       779
 1343         3         0       290       780       746
 1344         3         0        13        14       691
 1345         3         0        61        62       692
 1346         3         0       336       552       784
 1347         3         0       204       515       793
 1348         3         0       269       478       772
 1349         3         0       221       772       478
 1350         3         0       133       518       871
 1351         3         0       134       872       519
 1352         3         0       244       867       570
 1353         3         0       245       571       868
 1354         3         0       436       897       631
 1355         3         0        46        47       819
 1356         3         0        28        29       818
 1357         3         0       296       877       486
 1358         3         0       297       485       878
 1359         3         0       208       539       649
 1360         3         0       259       521       757
 1361         3         0       308       749       583
 1362         3         0       216       904       585
 1363         3         0       215       584       905
 1364         3         0       139       861       477
 1365         3         0       143       521       808
 1366         3         0       573       903       719
 1367         3         0       325       506       723
 1368         3         0       326       722       507
 1369         3         0       294       879       491
 1370         3         0       295       490       880
 1371         3         0       301       825       594
 1372         3         0       324       508       724
 1373         3         0       170       897       581
 1374         3         0         8         9       706
 1375         3         0        66        67       707
 1376         3         0       116       117       709
 1377         3         0        78        79       708
 1378         3         0       204       727       549
 1379         3         0       278       853       850
 1380         3         0       322       874       640
 1381         3         0       150       487       873
 1382         3         0       257       495       793
 1383         3         0       258       727       652
 1384         3         0       312       788       844
 1385         3         0       103       104       720
 1386         3         0       437       901       634
 1387         3         0       438       635       902
 1388         3         0       311       847       725
 1389         3         0       230       497       894
 1390         3         0       167       893       572
 1391         3         0       293       888       497
 1392         3         0       253       663       815
 1393         3         0       166       497       888
 1394         3         0       233       556       887
 1395         3         0        89       809       499
 1396         3         0       247       554       898
 1397         3         0       475       792       589
 1398         3         0       124       765       504
 1399         3         0       136       896       619
 1400         3         0       221       542       737
 1401         3         0       237       703       530
 1402         3         0       301       594       710
 1403         3         0       137       836       578
 1404         3         0       214       715       758
 1405         3         0       365       758       715
 1406         3         0       497       869       557
 1407         3         0       179       738       718
 1408         3         0       350       718       738
 1409         3         0       428       890       600
 1410         3         0        40        41       734
 1411         3         0        34        35       735
 1412         3         0       149       556       791
 1413         3         0       179       577       738
 1414         3         0       300       738       577
 1415         3         0       306       820       502
 1416         3         0        19       827       500
 1417         3         0        56       501       828
 1418         3         0       303       662       754
 1419         3         0        49       769       687
 1420         3         0        26       686       768
 1421         3         0       304       695       540
 1422         3         0       215       905       500
 1423         3         0       216       501       904
 1424         3         0       124       606       765
 1425         3         0        43        44       740
 1426         3         0        31        32       741
 1427         3         0       353       721       747
 1428         3         0       165       747       721
 1429         3         0        94        95       751
 1430         3         0       321       504       849
 1431         3         0       139       866       505
 1432         3         0       223       698       547
 1433         3         0       219       757       521
 1434         3         0       306       547       698
 1435         3         0       221       520       772
 1436         3         0       144       593       846
 1437         3         0       446       596       885
 1438         3         0       329       654       753
 1439         3         0       270       763       622
 1440         3         0       271       623       764
 1441         3         0       231       512       851
 1442         3         0       270       622       650
 1443         3         0       271       651       623
 1444         3         0       279       684       596
 1445         3         0       160       596       684
 1446         3         0        57        58       798
 1447         3         0        17        18       799
 1448         3         0       354       887       512
 1449         3         0       304       569       679
 1450         3         0        94       751       531
 1451         3         0       309       531       751
 1452         3         0        87        88       803
 1453         3         0       259       808       521
 1454         3         0       331       809       835
 1455         3         0       328       865       629
 1456         3         0       262       593       653
 1457         3         0       342       811       790
 1458         3         0       341       789       810
 1459         3         0       226       881       516
 1460         3         0       227       517       882
 1461         3         0       260       591       656
 1462         3         0       261       657       592
 1463         3         0       149       552       717
 1464         3         0       154       779       524
 1465         3         0       155       525       780
 1466         3         0        38        39       839
 1467         3         0        36        37       840
 1468         3         0       236       612       829
 1469         3         0       320       829       612
 1470         3         0       272       526       775
 1471         3         0       273       776       527
 1472         3         0       154       524       785
 1473         3         0       155       786       525
 1474         3         0       274       781       528
 1475         3         0       275       529       782
 1476         3         0       312       844       737
 1477         3         0       267       697       607
 1478         3         0       309       892       531
 1479         3         0       221       531       892
 1480         3         0       219       521       874
 1481         3         0        97        98       870
 1482         3         0       161       693       600
 1483         3         0       286       550       812
 1484         3         0       238       536       744
 1485         3         0        97       870       587
 1486         3         0       349       832       841
 1487         3         0       441       545       742
 1488         3         0       313       742       545
 1489         3         0       375       850       853
 1490         3         0       258       549       727
 1491         3         0       312       737       542
 1492         3         0       241       611       660
 1493         3         0       254       590       875
 1494         3         0       129       603       688
 1495         3         0       135       854       898
 1496         3         0       471       898       854
 1497         3         0       160       650       622
 1498         3         0       161       623       651
 1499         3         0       546       876       660
 1500         3         0       268       600       693
 1501         3         0       342       598       811
 1502         3         0       341       810       597
 1503         3         0       353       606       852
 1504         3         0       107       732       560
 1505         3         0        47       532       819
 1506         3         0        28       818       533
 1507         3         0       168       607       697
 1508         3         0       351       885       596
 1509         3         0       263       896       718
 1510         3         0       164       550       855
 1511         3         0       164       812       550
 1512         3         0       328       876       546
 1513         3         0       291       830       636
 1514         3         0       314       581       897
 1515         3         0       267       762       586
 1516         3         0       316       585       904
 1517         3         0       315       905       584
 1518         3         0       151       536       884
 1519         3         0       350       783       813
 1520         3         0       144       844       543
 1521         3         0       319       842       625
 1522         3         0       241       625       842
 1523         3         0       279       843       569
 1524         3         0       157       565       863
 1525         3         0       156       864       566
 1526         3         0       148       576       850
 1527         3         0       158       570       867
 1528         3         0       159       868       571
 1529         3         0       349       841       643
 1530         3         0       285       555       834
 1531         3         0       479       831       618
 1532         3         0       221       892       542
 1533         3         0       167       542       893
 1534         3         0       167       637       739
 1535         3         0       330       739       637
 1536         3         0       176       790       811
 1537         3         0       177       810       789
 1538         3         0       165       721       620
 1539         3         0       287       620       721
 1540         3         0       162       886       548
 1541         3         0       353       756       721
 1542         3         0       278       654       853
 1543         3         0       252       578       836
 1544         3         0       180       592       756
 1545         3         0       287       756       592
 1546         3         0       225       641       746
 1547         3         0       224       745       642
 1548         3         0       387       746       641
 1549         3         0       386       642       745
 1550         3         0       288       857       580
 1551         3         0       422       674       716
 1552         3         0        53       837       567
 1553         3         0        22       568       838
 1554         3         0       278       576       822
 1555         3         0       197       569       843
 1556         3         0       329       557       869
 1557         3         0       286       812       577
 1558         3         0       253       815       579
 1559         3         0       125       813       783
 1560         3         0       177       714       810
 1561         3         0       176       811       713
 1562         3         0       332       810       714
 1563         3         0       333       713       811
 1564         3         0       172       901       584
 1565         3         0       173       585       902
 1566         3         0       315       584       901
 1567         3         0       316       902       585
 1568         3         0       129       595       802
 1569         3         0       320       589       792
 1570         3         0       288       591       857
 1571         3         0       129       802       603
 1572         3         0       278       850       576
 1573         3         0       330       802       595
 1574         3         0       240       616       860
 1575         3         0       146       656       771
 1576         3         0       145       770       657
 1577         3         0       318       841       832
 1578         3         0       169       716       674
 1579         3         0       291       703       821
 1580         3         0       346       690       882
 1581         3         0       345       881       689
 1582         3         0       227       882       690
 1583         3         0       226       689       881
 1584         3         0       181       826       857
 1585         3         0       332       597       810
 1586         3         0       333       811       598
 1587         3         0       236       829       638
 1588         3         0       402       638       829
 1589         3         0       385       663       801
 1590         3         0       363       574       899
 1591         3         0       364       900       575
 1592         3         0       292       823       624
 1593         3         0       365       903       573
 1594         3         0       363       899       713
 1595         3         0       364       714       900
 1596         3         0       176       713       899
 1597         3         0       177       900       714
 1598         3         0       262       846       593
 1599         3         0       181       857       591
 1600         3         0       311       860       616
 1601         3         0       310       801       639
 1602         3         0       253       639       801
 1603         3         0       291       787       703
 1604         3         0       164       855       625
 1605         3         0       318       666       841
 1606         3         0       255       841       666
 1607         3         0       293       661       824
 1608         3         0       344       852       606
 1609         3         0       312       739       788
 1610         3         0       330       788       739
 1611         3         0       165       620       862
 1612         3         0       385       825       826
 1613         3         0       301       826       825
 1614         3         0       302       754       662
 1615         3         0       307       618       831
 1616         3         0       350       738       783
 1617         3         0       268       759       672
 1618         3         0       455       843       736
 1619         3         0       174       832       748
 1620         3         0       349       748       832
 1621         3         0       157       863       667
 1622         3         0       156       668       864
 1623         3         0       158       867       669
 1624         3         0       159       670       868
 1625         3         0       271       768       686
 1626         3         0       270       687       769
 1627         3         0       168       626       848
 1628         3         0       395       777       771
 1629         3         0       394       770       778
 1630         3         0       146       771       777
 1631         3         0       145       778       770
 1632         3         0       319       625       855
 1633         3         0       252       836       673
 1634         3         0       253       801       663
 1635         3         0       166       888       621
 1636         3         0       287       721       756
 1637         3         0       255       643       841
 1638         3         0       263       619       896
 1639         3         0       296       627       877
 1640         3         0       297       878       628
 1641         3         0       175       853       654
 1642         3         0       426       884       665
 1643         3         0       170       631       897
 1644         3         0       279       736       843
 1645         3         0       176       899       704
 1646         3         0       177       705       900
 1647         3         0       172       634       901
 1648         3         0       173       902       635
 1649         3         0       398       673       836
 1650         3         0       348       800       839
 1651         3         0       348       840       800
 1652         3         0        38       839       800
 1653         3         0        37       800       840
 1654         3         0       296       858       658
 1655         3         0       297       659       859
 1656         3         0       382       846       719
 1657         3         0       262       719       846
 1658         3         0       175       694       853
 1659         3         0       319       895       842
 1660         3         0       390       842       895
 1661         3         0       300       783       738
 1662         3         0       237       821       703
 1663         3         0       410       667       863
 1664         3         0       409       864       668
 1665         3         0       411       669       867
 1666         3         0       412       868       670
 1667         3         0       162       794       886
 1668         3         0       366       886       794
 1669         3         0       241       660       876
 1670         3         0       375       853       694
 1671         3         0       294       677       879
 1672         3         0       295       880       678
 1673         3         0       229       885       773
 1674         3         0       351       773       885
 1675         3         0       308       795       797
 1676         3         0       307       796       794
 1677         3         0       367       797       795
 1678         3         0       366       794       796
 1679         3         0       424       851       717
 1680         3         0       178       719       903
 1681         3         0       228       774       890
 1682         3         0       352       890       774
 1683         3         0       294       711       871
 1684         3         0       295       872       712
 1685         3         0       309       893       892
 1686         3         0       542       892       893
