    0              0.000000              0.000000
    1              9.000000              0.000000
    2              9.000000              9.000000
    3              0.250000              0.000000
    4              0.500000              0.000000
    5              0.750000              0.000000
    6              1.000000              0.000000
    7              1.250000              0.000000
    8              1.500000              0.000000
    9              1.750000              0.000000
   10              2.000000              0.000000
   11              2.250000              0.000000
   12              2.500000              0.000000
   13              2.750000              0.000000
   14              3.000000              0.000000
   15              3.250000              0.000000
   16              3.500000              0.000000
   17              3.750000              0.000000
   18              4.000000              0.000000
   19              4.250000              0.000000
   20              4.500000              0.000000
   21              4.750000              0.000000
   22              5.000000              0.000000
   23              5.250000              0.000000
   24              5.500000              0.000000
   25              5.750000              0.000000
   26              6.000000              0.000000
   27              6.250000              0.000000
   28              6.500000              0.000000
   29              6.750000              0.000000
   30              7.000000              0.000000
   31              7.250000              0.000000
   32              7.500000              0.000000
   33              7.750000              0.000000
   34              8.000000              0.000000
   35              8.250000              0.000000
   36              8.500000              0.000000
   37              8.750000              0.000000
   38              9.000000              0.250000
   39              9.000000              0.500000
   40              9.000000              0.750000
   41              9.000000              1.000000
   42              9.000000              1.250000
   43              9.000000              1.500000
   44              9.000000              1.750000
   45              9.000000              2.000000
   46              9.000000              2.250000
   47              9.000000              2.500000
   48              9.000000              2.750000
   49              9.000000              3.000000
   50              9.000000              3.250000
   51              9.000000              3.500000
   52              9.000000              3.750000
   53              9.000000              4.000000
   54              9.000000              4.250000
   55              9.000000              4.500000
   56              9.000000              4.750000
   57              9.000000              5.000000
   58              9.000000              5.250000
   59              9.000000              5.500000
   60              9.000000              5.750000
   61              9.000000              6.000000
   62              9.000000              6.250000
   63              9.000000              6.500000
   64              9.000000              6.750000
   65              9.000000              7.000000
   66              9.000000              7.250000
   67              9.000000              7.500000
   68              9.000000              7.750000
   69              9.000000              8.000000
   70              9.000000              8.250000
   71              9.000000              8.500000
   72              9.000000              8.750000
   73              8.823529              8.823529
   74              8.647059              8.647059
   75              8.470588              8.470588
   76              8.294118              8.294118
   77              8.117647              8.117647
   78              7.941176              7.941176
   79              7.764706              7.764706
   80              7.588235              7.588235
   81              7.411765              7.411765
   82              7.235294              7.235294
   83              7.058824              7.058824
   84              6.882353              6.882353
   85              6.705882              6.705882
   86              6.529412              6.529412
   87              6.352941              6.352941
   88              6.176471              6.176471
   89              6.000000              6.000000
   90              5.823529              5.823529
   91              5.647059              5.647059
   92              5.470588              5.470588
   93              5.294118              5.294118
   94              5.117647              5.117647
   95              4.941176              4.941176
   96              4.764706              4.764706
   97              4.588235              4.588235
   98              4.411765              4.411765
   99              4.235294              4.235294
  100              4.058824              4.058824
  101              3.882353              3.882353
  102              3.705882              3.705882
  103              3.529412              3.529412
  104              3.352941              3.352941
  105              3.176471              3.176471
  106              3.000000              3.000000
  107              2.823529              2.823529
  108              2.647059              2.647059
  109              2.470588              2.470588
  110              2.294118              2.294118
  111              2.117647              2.117647
  112              1.941176              1.941176
  113              1.764706              1.764706
  114              1.588235              1.588235
  115              1.411765              1.411765
  116              1.235294              1.235294
  117              1.058824              1.058824
  118              0.882353              0.882353
  119              0.705882              0.705882
  120              0.529412              0.529412
  121              0.352941              0.352941
  122              0.176471              0.176471
  123              6.364909              2.660611
  124              4.597130              1.938158
  125              7.094140              4.399466
  126              7.452088              1.578640
  127              3.306186              1.370368
  128              7.625354              5.694961
  129              5.822192              3.893465
  130              5.849310              1.353076
  131              7.635499              3.142331
  132              4.908704              3.110985
  133              2.402357              0.994854
  134              8.005146              6.597643
  135              3.692457              2.295222
  136              6.675809              5.320535
  137              4.261095              1.024492
  138              7.974327              4.738632
  139              5.444563              2.367135
  140              6.704151              3.528127
  141              8.046336              2.289532
  142              6.729246              0.958826
  143              8.092667              0.892485
  144              5.990302              4.786336
  145              5.108064              0.875946
  146              8.124054              3.891936
  147              6.645310              1.889260
  148              7.169449              2.457900
  149              5.022004              3.908302
  150              5.675588              3.040399
  151              4.086591              2.975155
  152              8.287399              1.589411
  153              7.398336              0.716470
  154              1.736425              0.726731
  155              8.273269              7.263575
  156              2.680368              1.663451
  157              7.336549              6.319632
  158              3.072116              0.724275
  159              8.275725              5.927884
  160              8.303831              2.937732
  161              6.022286              0.706056
  162              3.965455              1.654974
  163              7.300951              5.105187
  164              6.426756              4.210460
  165              5.198237              1.563508
  166              7.400831              3.761682
  167              5.399773              4.447668
  168              6.010008              2.011147
  169              4.560854              2.497853
  170              6.839470              5.888239
  171              3.076674              2.165869
  172              3.724841              0.673587
  173              8.326413              5.275159
  174              4.400885              3.571872
  175              7.026455              3.021306
  176              8.431551              4.375122
  177              4.624878              0.568449
  178              6.117425              5.373833
  179              6.640117              4.760115
  180              4.671857              1.331632
  181              7.664291              4.325345
  182              6.154886              3.449384
  183              8.420779              3.474483
  184              5.525517              0.579221
  185              5.266125              3.403502
  186              3.566455              2.796505
  187              8.471770              0.528230
  188              6.389191              1.365209
  189              1.239715              0.517406
  190              8.482594              7.760285
  191              7.550840              2.094240
  192              2.151092              1.453850
  193              7.546150              6.848908
  194              6.928035              1.443691
  195              2.554853              0.485168
  196              8.514832              6.445147
  197              7.664846              2.630627
  198              5.286499              2.839673
  199              4.219415              2.231145
  200              8.507371              2.080660
  201              6.884286              0.449396
  202              2.879710              1.196018
  203              7.803982              6.120290
  204              6.740947              2.307856
  205              5.830601              2.663043
  206              3.470784              1.856621
  207              7.126583              5.539493
  208              4.918099              2.276700
  209              3.784976              1.109677
  210              7.890323              5.215024
  211              7.096055              1.918879
  212              8.495643              1.163565
  213              7.791928              0.488924
  214              6.366828              5.752664
  215              4.195496              0.489963
  216              8.510037              4.804504
  217              6.996405              3.927748
  218              6.508818              3.121553
  219              7.886479              1.332775
  220              5.482175              1.935748
  221              5.561703              4.900166
  222              8.530627              2.557272
  223              6.429391              0.465535
  224              1.797752              1.209024
  225              7.790976              7.202248
  226              2.120448              0.451698
  227              8.548302              6.879552
  228              5.523554              0.983892
  229              7.997982              3.434229
  230              7.147983              3.450612
  231              4.941039              4.350807
  232              6.023958              4.307443
  233              4.549144              3.923376
  234              5.061797              0.409371
  235              8.590629              3.938203
  236              3.160936              2.603901
  237              7.324477              1.150459
  238              3.985636              3.398769
  239              5.441876              4.030829
  240              7.891001              1.753693
  241              6.384712              3.801298
  242              6.932350              6.333685
  243              2.658197              2.065437
  244              3.347905              0.423957
  245              8.576043              5.652095
  246              4.820437              3.532049
  247              3.983639              2.575034
  248              3.076360              1.704511
  249              7.295489              5.923640
  250              3.380303              0.970636
  251              8.029364              5.619697
  252              4.236928              1.404038
  253              7.611254              4.761194
  254              6.101966              2.985050
  255              4.491341              2.945700
  256              5.688683              3.515837
  257              6.774446              2.718522
  258              6.343605              2.164962
  259              7.706392              0.986488
  260              8.038575              4.287225
  261              4.712775              0.961425
  262              6.330952              4.986625
  263              6.956909              4.991224
  264              4.929272              2.654651
  265              0.904213              0.374726
  266              8.625274              8.095787
  267              6.258357              1.719195
  268              6.109924              1.078480
  269              5.774451              5.229445
  270              8.640493              3.128818
  271              5.871182              0.359507
  272              1.382938              0.860360
  273              8.139640              7.617062
  274              1.602833              0.367232
  275              8.632768              7.397167
  276              3.698572              3.171770
  277              4.976917              1.870044
  278              7.352994              2.792010
  279              7.930324              2.911523
  280              7.189137              6.666409
  281              2.333591              1.810863
  282              2.933654              0.370918
  283              8.629082              6.066346
  284              8.635771              1.621574
  285              7.377482              0.361754
  286              6.319222              4.570512
  287              4.999503              1.225270
  288              7.771911              4.010780
  289              2.051305              0.902044
  290              8.097956              6.948695
  291              7.078226              0.880107
  292              5.492671              1.371217
  293              7.630038              3.508294
  294              2.524952              1.329826
  295              7.670174              6.475048
  296              2.725207              0.839747
  297              8.160253              6.274793
  298              8.653033              0.836459
  299              8.163541              0.346967
  300              6.748326              4.399093
  301              7.337145              4.130141
  302              3.861421              1.974386
  303              4.229769              1.862122
  304              8.138321              2.641732
  305              5.760821              2.223393
  306              6.378275              0.847718
  307              3.659091              1.474281
  308              7.540753              5.342935
  309              5.235516              4.751339
  310              7.274481              4.698449
  311              8.167111              1.961483
  312              5.736815              4.546340
  313              5.832716              1.707640
  314              6.487721              6.000751
  315              3.837554              0.336278
  316              8.663722              5.162446
  317              5.268414              2.067967
  318              4.307961              3.221438
  319              6.130613              4.013152
  320              3.350476              2.303329
  321              4.504625              2.222659
  322              8.260864              1.337107
  323              2.923418              2.420374
  324              6.734230              5.628457
  325              3.985268              0.748122
  326              8.251878              5.014732
  327              6.804027              3.194709
  328              6.592849              4.010069
  329              7.258188              3.156634
  330              5.677088              4.229837
  331              6.094921              5.632314
  332              4.430342              0.313367
  333              8.686633              4.569658
  334              8.677025              2.786224
  335              6.220264              0.325232
  336              5.473156              3.716161
  337              5.643895              2.796113
  338              4.177436              3.763741
  339              5.203729              3.113195
  340              4.296422              2.688650
  341              4.803420              0.285594
  342              8.714406              4.196580
  343              7.569894              2.359461
  344              4.476681              1.584717
  345              2.383003              0.667791
  346              8.332209              6.616997
  347              6.660420              1.453192
  348              8.658144              0.341856
  349              4.603057              3.293706
  350              6.956513              4.730980
  351              8.235001              3.241524
  352              5.758476              0.764999
  353              4.884011              1.596049
  354              4.703026              4.256961
  355              7.570776              1.257550
  356              6.075996              2.401265
  357              8.706172              3.609121
  358              5.390879              0.293828
  359              8.731978              6.639973
  360              2.360027              0.268022
  361              7.519774              7.144410
  362              1.855590              1.480226
  363              8.317902              4.630632
  364              4.369368              0.682098
  365              6.426150              5.412465
  366              3.973958              1.311042
  367              7.673094              5.020258
  368              7.041662              2.184155
  369              3.268613              2.877130
  370              8.711843              2.282457
  371              6.720725              0.298705
  372              7.105778              5.235756
  373              8.304373              4.029617
  374              4.970383              0.695627
  375              7.022886              2.643049
  376              8.759692              7.139494
  377              1.860506              0.240308
  378              3.094717              0.990211
  379              8.009789              5.905283
  380              7.889431              7.498849
  381              1.501151              1.110569
  382              5.934122              5.043034
  383              7.279488              2.015243
  384              7.013451              1.713287
  385              7.318719              4.490947
  386              2.190091              1.146800
  387              7.853200              6.809909
  388              6.443776              3.399054
  389              5.235627              2.526457
  390              6.034675              3.709134
  391              7.881734              2.046571
  392              8.341596              2.303654
  393              6.699551              0.705492
  394              5.292018              1.139274
  395              7.860726              3.707982
  396              7.431944              1.851367
  397              6.592591              4.996032
  398              4.513998              1.125151
  399              7.862376              4.475017
  400              8.239586              0.682306
  401              7.188014              1.564575
  402              3.556500              2.474095
  403              2.883341              1.484890
  404              7.515110              6.116659
  405              8.741422              8.375000
  406              0.625000              0.258578
  407              6.945302              1.134701
  408              6.018729              3.256813
  409              2.923884              1.946898
  410              7.059592              6.078713
  411              3.437576              0.694112
  412              8.305888              5.562424
  413              8.226640              3.608907
  414              5.398896              0.756458
  415              7.609272              0.247387
  416              8.745865              1.383147
  417              8.751165              1.853222
  418              7.141635              0.242305
  419              6.135063              1.476094
  420              8.372153              0.917291
  421              5.482790              3.208644
  422              4.757977              2.852155
  423              6.985994              3.641894
  424              5.266691              4.234390
  425              6.599815              1.194666
  426              3.842939              2.789804
  427              5.086843              3.623359
  428              5.896627              1.131582
  429              6.412238              1.913987
  430              5.880418              5.456420
  431              1.155107              0.261447
  432              8.738553              7.844893
  433              1.001622              0.631337
  434              8.368663              7.998378
  435              4.998640              4.670796
  436              6.616523              6.256711
  437              3.620168              0.253904
  438              8.746096              5.379832
  439              7.674577              0.751910
  440              6.783904              2.069011
  441              5.453823              1.630635
  442              8.744228              0.606308
  443              8.396316              0.251310
  444              3.749431              1.750362
  445              7.806349              2.409016
  446              7.904229              3.181893
  447              6.913402              4.202528
  448              5.027881              2.894184
  449              8.778814              6.369443
  450              2.630557              0.221186
  451              3.463955              3.096376
  452              7.299620              6.985392
  453              2.014608              1.700380
  454              5.025100              3.358598
  455              7.586337              2.873469
  456              7.749026              1.493253
  457              4.340922              2.411128
  458              8.790521              3.327654
  459              5.672346              0.209479
  460              6.517140              2.838458
  461              3.618458              0.913533
  462              8.086467              5.381542
  463              3.210028              1.897307
  464              7.089087              5.795093
  465              4.317260              3.986304
  466              8.481021              1.439055
  467              6.253513              3.206718
  468              8.445312              1.778813
  469              7.185878              0.535832
  470              5.210789              1.830979
  471              3.996252              2.307735
  472              4.638821              3.692188
  473              1.494946              0.629008
  474              8.370992              7.505054
  475              3.645654              2.047352
  476              6.089028              2.666697
  477              5.643794              2.549555
  478              5.525082              5.173625
  479              3.320532              1.635650
  480              7.350069              5.676185
  481              3.538104              1.225830
  482              7.772306              5.463153
  483              8.766421              5.871013
  484              3.128987              0.233579
  485              8.397082              6.172834
  486              2.827166              0.602918
  487              5.872869              2.868769
  488              6.954394              6.624737
  489              2.371309              2.043871
  490              7.428141              6.575240
  491              2.424760              1.571859
  492              7.179606              3.777914
  493              8.757376              1.077714
  494              7.925414              0.249465
  495              6.566965              2.544648
  496              6.760106              2.953018
  497              7.388963              3.520830
  498              8.032560              1.497724
  499              6.246895              5.987875
  500              4.107046              0.195195
  501              8.804805              4.892954
  502              6.373910              1.089710
  503              4.803184              2.453373
  504              4.758546              2.118892
  505              5.580296              2.142179
  506              3.982271              1.014769
  507              7.985231              5.017729
  508              6.905571              5.449344
  509              2.673175              2.338491
  510              3.103492              1.259334
  511              7.740666              5.896508
  512              4.884650              4.107721
  513              3.951740              3.629746
  514              7.943897              0.709742
  515              6.950755              2.421554
  516              1.962494              0.672716
  517              8.327284              7.037506
  518              2.635275              1.085577
  519              7.914423              6.364725
  520              5.803681              4.910133
  521              7.928265              1.086204
  522              7.651072              1.803363
  523              3.755437              3.418616
  524              1.699063              0.963554
  525              8.036446              7.300937
  526              1.147425              0.862266
  527              8.137734              7.852575
  528              1.425076              0.201128
  529              8.798872              7.574924
  530              7.459166              0.954359
  531              5.324349              4.986016
  532              8.758881              2.534426
  533              6.465200              0.242034
  534              2.118196              0.192006
  535              8.807994              6.881804
  536              3.927573              3.179610
  537              7.640036              7.369101
  538              1.630899              1.359964
  539              5.194060              2.285706
  540              8.369726              2.731782
  541              7.151161              1.285301
  542              5.529913              4.652764
  543              6.117026              4.565403
  544              5.779437              1.969571
  545              5.697588              1.509292
  546              6.744314              3.792433
  547              6.254346              0.626145
  548              4.201077              1.664794
  549              6.567728              2.120740
  550              6.240757              4.356989
  551              7.074642              3.266477
  552              5.244961              3.823759
  553              5.914742              3.511226
  554              3.755797              2.606543
  555              7.565746              0.490947
  556              4.786153              3.900170
  557              7.490180              3.291188
  558              8.842402              8.619118
  559              0.380882              0.157598
  560              3.037295              2.784060
  561              1.798807              0.500731
  562              8.499269              7.201193
  563              5.189532              0.676650
  564              8.321913              3.811132
  565              7.134027              6.444159
  566              2.555841              1.865973
  567              8.817668              3.872184
  568              5.127816              0.182332
  569              7.916713              2.672573
  570              3.126882              0.488273
  571              8.511727              5.873118
  572              5.177962              4.465658
  573              6.445260              5.189328
  574              8.111538              4.500046
  575              4.499954              0.888462
  576              7.408166              2.552055
  577              6.567824              4.533885
  578              4.152649              1.194956
  579              7.803376              4.845890
  580              7.524086              4.009696
  581              6.607744              5.814177
  582              4.502781              4.184501
  583              7.319798              5.374680
  584              3.912144              0.530762
  585              8.469238              5.087856
  586              6.476496              1.643304
  587              4.764742              4.506450
  588              4.353394              2.022212
  589              3.387400              2.074154
  590              6.277823              2.837662
  591              7.837984              4.195433
  592              4.812504              1.161091
  593              6.225214              4.776977
  594              7.148828              4.153031
  595              5.879994              4.106950
  596              8.100170              3.058236
  597              4.620606              0.193023
  598              8.806977              4.379394
  599              4.195636              3.453842
  600              5.948052              0.916840
  601              4.412994              3.784138
  602              7.161529              4.884560
  603              5.613547              3.881839
  604              3.137982              1.490951
  605              7.505338              5.861591
  606              4.700030              1.721323
  607              6.032369              1.774724
  608              5.414218              2.672052
  609              6.892023              3.403989
  610              6.747712              6.490086
  611              6.303871              3.625970
  612              3.151043              2.367458
  613              3.369412              0.182288
  614              8.817712              5.630588
  615              5.457771              2.968845
  616              8.166907              1.776281
  617              2.848935              2.186992
  618              3.542388              1.650392
  619              6.901733              5.210433
  620              5.240501              1.318857
  621              7.669959              3.767497
  622              8.436864              3.116347
  623              5.878668              0.568863
  624              5.667582              1.209343
  625              6.362983              3.981294
  626              6.127663              2.188147
  627              2.508958              0.819022
  628              8.180978              6.491042
  629              6.643247              4.230154
  630              5.740392              3.285677
  631              6.825265              6.142541
  632              8.479237              3.679596
  633              5.321268              0.518891
  634              3.557492              0.483520
  635              8.516480              5.442508
  636              6.905522              0.714255
  637              5.461473              4.244002
  638              3.383073              2.668784
  639              7.422513              4.869955
  640              8.197637              1.104663
  641              7.717515              7.003411
  642              1.996589              1.282485
  643              4.666728              3.103908
  644              5.493324              3.443651
  645              3.295634              1.166508
  646              7.835496              5.715920
  647              8.794076              2.093268
  648              6.903586              0.189764
  649              5.034157              2.475520
  650              8.516133              2.934617
  651              6.065383              0.483867
  652              6.284431              2.439699
  653              6.445987              4.770691
  654              7.240052              2.964261
  655              4.086318              2.763894
  656              8.030164              4.076754
  657              4.922146              0.962377
  658              2.876381              0.987274
  659              8.012726              6.123619
  660              6.532297              3.650522
  661              7.746811              3.338544
  662              4.081517              2.045756
  663              7.585034              4.520841
  664              4.805914              3.320341
  665              3.712335              2.969964
  666              4.285271              3.007649
  667              7.277938              6.132325
  668              2.867675              1.722062
  669              3.245690              0.810311
  670              8.189689              5.754310
  671              5.670395              5.410241
  672              6.041583              1.282161
  673              4.475165              1.346209
  674              4.571095              2.733625
  675              0.744514              0.499922
  676              8.500078              8.255486
  677              2.716165              1.337578
  678              7.662422              6.283835
  679              8.042723              2.503990
  680              0.879324              0.170839
  681              8.829161              8.120676
  682              2.154382              1.899456
  683              7.100439              6.845378
  684              8.123393              2.834627
  685              7.753507              2.217325
  686              6.022009              0.211542
  687              8.792907              2.983917
  688              5.745910              3.707630
  689              2.325179              0.482743
  690              8.517257              6.674821
  691              2.871153              0.179843
  692              8.820157              6.128847
  693              6.175825              0.879039
  694              6.936578              2.830818
  695              8.305896              2.507095
  696              2.493077              2.240934
  697              6.195460              1.944856
  698              6.491491              0.680056
  699              7.337303              1.367305
  700              5.033181              2.057909
  701              8.038155              0.509870
  702              8.475365              0.733529
  703              7.265430              0.917907
  704              8.243093              4.275470
  705              4.724373              0.755842
  706              1.627683              0.161733
  707              8.838267              7.372317
  708              7.974537              7.734874
  709              1.265126              1.025463
  710              7.279986              3.954918
  711              2.325190              1.316227
  712              7.683773              6.674810
  713              8.483072              4.568733
  714              4.431267              0.516928
  715              6.291468              5.535640
  716              4.729797              2.639392
  717              5.205465              4.035939
  718              6.809918              4.843743
  719              6.192747              5.134663
  720              3.560063              3.313823
  721              5.039329              1.447868
  722              8.111924              5.176301
  723              3.823699              0.888076
  724              6.938988              5.660125
  725              8.203753              2.158371
  726              6.648177              3.337514
  727              6.502824              2.320438
  728              2.247131              0.871664
  729              8.128336              6.752869
  730              4.145761              2.429316
  731              5.136764              2.706294
  732              2.918447              2.655785
  733              4.426347              1.798888
  734              8.830927              0.854096
  735              8.140753              0.164851
  736              7.744977              2.978471
  737              5.741298              4.735209
  738              6.773066              4.622858
  739              5.596951              4.408847
  740              8.832861              1.622563
  741              7.375346              0.161031
  742              5.649148              1.750577
  743              5.939220              1.542908
  744              4.119429              3.224079
  745              1.949505              1.069065
  746              7.930935              7.050495
  747              5.057310              1.668840
  748              4.593172              3.496819
  749              7.492838              5.528134
  750              6.785522              1.246414
  751              5.123466              4.893395
  752              6.895793              1.902275
  753              7.446911              3.040525
  754              4.005166              1.845430
  755              5.972048              5.246334
  756              4.852390              1.371765
  757              7.761973              1.184849
  758              6.526750              5.581103
  759              6.221707              1.243642
  760              1.075164              0.446229
  761              8.553771              7.924836
  762              6.309810              1.541348
  763              8.572965              3.304242
  764              5.695758              0.427035
  765              4.792344              1.925979
  766              4.201883              0.804500
  767              8.195400              4.798094
  768              5.852579              0.161934
  769              8.838701              3.148268
  770              5.125123              1.071703
  771              7.928297              3.874877
  772              5.690222              5.051006
  773              8.185328              3.427042
  774              5.572958              0.814672
  775              1.265959              0.702307
  776              8.297693              7.734041
  777              8.040516              3.691826
  778              5.303353              0.954275
  779              1.871663              0.865607
  780              8.134393              7.128337
  781              1.393244              0.401235
  782              8.598765              7.606756
  783              6.920239              4.474763
  784              5.290834              3.615781
  785              1.573906              0.818932
  786              8.181068              7.426094
  787              7.187117              0.743883
  788              5.806894              4.369228
  789              4.805521              0.504279
  790              8.495675              4.194472
  791              4.870852              3.731214
  792              3.526302              2.212761
  793              6.778833              2.514812
  794              3.860038              1.502640
  795              7.498943              5.150215
  796              3.781434              1.320147
  797              7.679853              5.218566
  798              8.844852              5.121455
  799              3.878545              0.155148
  800              8.826749              0.173251
  801              7.442400              4.668277
  802              5.686939              4.028584
  803              6.370578              6.159675
  804              7.340145              6.774905
  805              2.225083              1.659849
  806              2.748671              0.399333
  807              8.600667              6.251329
  808              7.878074              0.904634
  809              6.085537              5.832766
  810              4.606547              0.378921
  811              8.621079              4.393453
  812              6.439561              4.380400
  813              7.113418              4.586231
  814              5.852551              2.435852
  815              7.778446              4.669509
  816              8.525062              2.349612
  817              6.628001              0.474035
  818              6.608981              0.135185
  819              8.867681              2.391721
  820              6.536451              0.935972
  821              7.123969              1.071574
  822              7.503086              2.712040
  823              5.469014              1.172567
  824              7.823999              3.513718
  825              7.265595              4.299458
  826              7.479570              4.274069
  827              4.300622              0.188594
  828              8.811406              4.699378
  829              3.353586              2.486212
  830              6.928081              0.946792
  831              3.473260              1.471304
  832              4.427932              3.360993
  833              8.463998              1.608305
  834              7.384535              0.530626
  835              5.906085              5.658577
  836              4.327967              1.218969
  837              8.824540              4.051393
  838              4.948607              0.175460
  839              8.851113              0.374488
  840              8.625887              0.148249
  841              4.466883              3.128282
  842              6.205871              3.845106
  843              7.767732              2.800330
  844              5.905204              4.566519
  845              8.287016              0.471811
  846              6.134667              4.945527
  847              8.331401              1.949958
  848              5.939545              2.178610
  849              4.699269              2.301024
  850              7.213229              2.655545
  851              5.067699              4.183124
  852              4.667685              1.526850
  853              7.122539              2.825121
  854              3.831855              2.177135
  855              6.237013              4.173868
  856              8.549210              0.986730
  857              7.657441              4.157061
  858              2.911913              0.818330
  859              8.181670              6.088087
  860              7.994465              1.903552
  861              5.642529              2.355760
  862              5.350252              1.473863
  863              7.152488              6.263554
  864              2.736446              1.847512
  865              6.791291              4.034561
  866              5.402921              2.181009
  867              3.241966              0.628750
  868              8.371250              5.758034
  869              7.304770              3.343954
  870              4.593281              4.400776
  871              2.415573              1.174657
  872              7.825343              6.584427
  873              5.890953              3.070799
  874              8.054038              1.260161
  875              6.320181              3.027185
  876              6.562623              3.827825
  877              2.629589              0.681791
  878              8.318209              6.370411
  879              2.626265              1.484166
  880              7.515834              6.373735
  881              2.181594              0.674776
  882              8.325224              6.818406
  883              7.336583              2.277176
  884              3.896845              2.977597
  885              8.077179              3.269522
  886              4.055463              1.508830
  887              4.697405              4.072622
  888              7.530646              3.645286
  889              7.235578              1.768233
  890              5.727875              0.970221
  891              6.758393              1.671089
  892              5.409986              4.796527
  893              5.352281              4.622194
  894              7.219190              3.614368
  895              6.003579              3.898600
  896              6.789347              5.073072
  897              6.687270              6.030369
  898              3.814526              2.423694
  899              8.285733              4.467497
  900              4.532503              0.714267
  901              3.728993              0.464590
  902              8.535410              5.271007
  903              6.298256              5.304450
  904              8.658531              5.013843
  905              3.986157              0.341469
