    0         1         0         0         4       104       103
    1         1         0       103       104       105       102
    2         1         0       102       105       106       101
    3         1         0       101       106       107       100
    4         1         0       100       107       108        99
    5         1         0        99       108       109        98
    6         1         0        98       109       110        97
    7         1         0        97       110       111        96
    8         1         0        96       111       112        95
    9         1         0        95       112       113        94
   10         1         0        94       113       114        93
   11         1         0        93       114       115        92
   12         1         0        92       115       116        91
   13         1         0        91       116       117        90
   14         1         0        90       117       118        89
   15         1         0        89       118       119        88
   16         1         0        88       119       120        87
   17         1         0        87       120       121        86
   18         1         0        86       121       122        85
   19         1         0        85       122       123        84
   20         1         0        84       123       124        83
   21         1         0        83       124       125        82
   22         1         0        82       125       126        81
   23         1         0        81       126       127        80
   24         1         0        80       127       128        79
   25         1         0        79       128        78         3
   26         1         0         4         5       129       104
   27         1         0       104       129       130       105
   28         1         0       105       130       131       106
   29         1         0       106       131       132       107
   30         1         0       107       132       133       108
   31         1         0       108       133       134       109
   32         1         0       109       134       135       110
   33         1         0       110       135       136       111
   34         1         0       111       136       137       112
   35         1         0       112       137       138       113
   36         1         0       113       138       139       114
   37         1         0       114       139       140       115
   38         1         0       115       140       141       116
   39         1         0       116       141       142       117
   40         1         0       117       142       143       118
   41         1         0       118       143       144       119
   42         1         0       119       144       145       120
   43         1         0       120       145       146       121
   44         1         0       121       146       147       122
   45         1         0       122       147       148       123
   46         1         0       123       148       149       124
   47         1         0       124       149       150       125
   48         1         0       125       150       151       126
   49         1         0       126       151       152       127
   50         1         0       127       152       153       128
   51         1         0       128       153        77        78
   52         1         0         5         6       154       129
   53         1         0       129       154       155       130
   54         1         0       130       155       156       131
   55         1         0       131       156       157       132
   56         1         0       132       157       158       133
   57         1         0       133       158       159       134
   58         1         0       134       159       160       135
   59         1         0       135       160       161       136
   60         1         0       136       161       162       137
   61         1         0       137       162       163       138
   62         1         0       138       163       164       139
   63         1         0       139       164       165       140
   64         1         0       140       165       166       141
   65         1         0       141       166       167       142
   66         1         0       142       167       168       143
   67         1         0       143       168       169       144
   68         1         0       144       169       170       145
   69         1         0       145       170       171       146
   70         1         0       146       171       172       147
   71         1         0       147       172       173       148
   72         1         0       148       173       174       149
   73         1         0       149       174       175       150
   74         1         0       150       175       176       151
   75         1         0       151       176       177       152
   76         1         0       152       177       178       153
   77         1         0       153       178        76        77
   78         1         0         6         7       179       154
   79         1         0       154       179       180       155
   80         1         0       155       180       181       156
   81         1         0       156       181       182       157
   82         1         0       157       182       183       158
   83         1         0       158       183       184       159
   84         1         0       159       184       185       160
   85         1         0       160       185       186       161
   86         1         0       161       186       187       162
   87         1         0       162       187       188       163
   88         1         0       163       188       189       164
   89         1         0       164       189       190       165
   90         1         0       165       190       191       166
   91         1         0       166       191       192       167
   92         1         0       167       192       193       168
   93         1         0       168       193       194       169
   94         1         0       169       194       195       170
   95         1         0       170       195       196       171
   96         1         0       171       196       197       172
   97         1         0       172       197       198       173
   98         1         0       173       198       199       174
   99         1         0       174       199       200       175
  100         1         0       175       200       201       176
  101         1         0       176       201       202       177
  102         1         0       177       202       203       178
  103         1         0       178       203        75        76
  104         1         0         7         8       204       179
  105         1         0       179       204       205       180
  106         1         0       180       205       206       181
  107         1         0       181       206       207       182
  108         1         0       182       207       208       183
  109         1         0       183       208       209       184
  110         1         0       184       209       210       185
  111         1         0       185       210       211       186
  112         1         0       186       211       212       187
  113         1         0       187       212       213       188
  114         1         0       188       213       214       189
  115         1         0       189       214       215       190
  116         1         0       190       215       216       191
  117         1         0       191       216       217       192
  118         1         0       192       217       218       193
  119         1         0       193       218       219       194
  120         1         0       194       219       220       195
  121         1         0       195       220       221       196
  122         1         0       196       221       222       197
  123         1         0       197       222       223       198
  124         1         0       198       223       224       199
  125         1         0       199       224       225       200
  126         1         0       200       225       226       201
  127         1         0       201       226       227       202
  128         1         0       202       227       228       203
  129         1         0       203       228        74        75
  130         1         0         8         9       229       204
  131         1         0       204       229       230       205
  132         1         0       205       230       231       206
  133         1         0       206       231       232       207
  134         1         0       207       232       233       208
  135         1         0       208       233       234       209
  136         1         0       209       234       235       210
  137         1         0       210       235       236       211
  138         1         0       211       236       237       212
  139         1         0       212       237       238       213
  140         1         0       213       238       239       214
  141         1         0       214       239       240       215
  142         1         0       215       240       241       216
  143         1         0       216       241       242       217
  144         1         0       217       242       243       218
  145         1         0       218       243       244       219
  146         1         0       219       244       245       220
  147         1         0       220       245       246       221
  148         1         0       221       246       247       222
  149         1         0       222       247       248       223
  150         1         0       223       248       249       224
  151         1         0       224       249       250       225
  152         1         0       225       250       251       226
  153         1         0       226       251       252       227
  154         1         0       227       252       253       228
  155         1         0       228       253        73        74
  156         1         0         9        10       254       229
  157         1         0       229       254       255       230
  158         1         0       230       255       256       231
  159         1         0       231       256       257       232
  160         1         0       232       257       258       233
  161         1         0       233       258       259       234
  162         1         0       234       259       260       235
  163         1         0       235       260       261       236
  164         1         0       236       261       262       237
  165         1         0       237       262       263       238
  166         1         0       238       263       264       239
  167         1         0       239       264       265       240
  168         1         0       240       265       266       241
  169         1         0       241       266       267       242
  170         1         0       242       267       268       243
  171         1         0       243       268       269       244
  172         1         0       244       269       270       245
  173         1         0       245       270       271       246
  174         1         0       246       271       272       247
  175         1         0       247       272       273       248
  176         1         0       248       273       274       249
  177         1         0       249       274       275       250
  178         1         0       250       275       276       251
  179         1         0       251       276       277       252
  180         1         0       252       277       278       253
  181         1         0       253       278        72        73
  182         1         0        10        11       279       254
  183         1         0       254       279       280       255
  184         1         0       255       280       281       256
  185         1         0       256       281       282       257
  186         1         0       257       282       283       258
  187         1         0       258       283       284       259
  188         1         0       259       284       285       260
  189         1         0       260       285       286       261
  190         1         0       261       286       287       262
  191         1         0       262       287       288       263
  192         1         0       263       288       289       264
  193         1         0       264       289       290       265
  194         1         0       265       290       291       266
  195         1         0       266       291       292       267
  196         1         0       267       292       293       268
  197         1         0       268       293       294       269
  198         1         0       269       294       295       270
  199         1         0       270       295       296       271
  200         1         0       271       296       297       272
  201         1         0       272       297       298       273
  202         1         0       273       298       299       274
  203         1         0       274       299       300       275
  204         1         0       275       300       301       276
  205         1         0       276       301       302       277
  206         1         0       277       302       303       278
  207         1         0       278       303        71        72
  208         1         0        11        12       304       279
  209         1         0       279       304       305       280
  210         1         0       280       305       306       281
  211         1         0       281       306       307       282
  212         1         0       282       307       308       283
  213         1         0       283       308       309       284
  214         1         0       284       309       310       285
  215         1         0       285       310       311       286
  216         1         0       286       311       312       287
  217         1         0       287       312       313       288
  218         1         0       288       313       314       289
  219         1         0       289       314       315       290
  220         1         0       290       315       316       291
  221         1         0       291       316       317       292
  222         1         0       292       317       318       293
  223         1         0       293       318       319       294
  224         1         0       294       319       320       295
  225         1         0       295       320       321       296
  226         1         0       296       321       322       297
  227         1         0       297       322       323       298
  228         1         0       298       323       324       299
  229         1         0       299       324       325       300
  230         1         0       300       325       326       301
  231         1         0       301       326       327       302
  232         1         0       302       327       328       303
  233         1         0       303       328        70        71
  234         1         0        12        13       329       304
  235         1         0       304       329       330       305
  236         1         0       305       330       331       306
  237         1         0       306       331       332       307
  238         1         0       307       332       333       308
  239         1         0       308       333       334       309
  240         1         0       309       334       335       310
  241         1         0       310       335       336       311
  242         1         0       311       336       337       312
  243         1         0       312       337       338       313
  244         1         0       313       338       339       314
  245         1         0       314       339       340       315
  246         1         0       315       340       341       316
  247         1         0       316       341       342       317
  248         1         0       317       342       343       318
  249         1         0       318       343       344       319
  250         1         0       319       344       345       320
  251         1         0       320       345       346       321
  252         1         0       321       346       347       322
  253         1         0       322       347       348       323
  254         1         0       323       348       349       324
  255         1         0       324       349       350       325
  256         1         0       325       350       351       326
  257         1         0       326       351       352       327
  258         1         0       327       352       353       328
  259         1         0       328       353        69        70
  260         1         0        13        14       354       329
  261         1         0       329       354       355       330
  262         1         0       330       355       356       331
  263         1         0       331       356       357       332
  264         1         0       332       357       358       333
  265         1         0       333       358       359       334
  266         1         0       334       359       360       335
  267         1         0       335       360       361       336
  268         1         0       336       361       362       337
  269         1         0       337       362       363       338
  270         1         0       338       363       364       339
  271         1         0       339       364       365       340
  272         1         0       340       365       366       341
  273         1         0       341       366       367       342
  274         1         0       342       367       368       343
  275         1         0       343       368       369       344
  276         1         0       344       369       370       345
  277         1         0       345       370       371       346
  278         1         0       346       371       372       347
  279         1         0       347       372       373       348
  280         1         0       348       373       374       349
  281         1         0       349       374       375       350
  282         1         0       350       375       376       351
  283         1         0       351       376       377       352
  284         1         0       352       377       378       353
  285         1         0       353       378        68        69
  286         1         0        14        15       379       354
  287         1         0       354       379       380       355
  288         1         0       355       380       381       356
  289         1         0       356       381       382       357
  290         1         0       357       382       383       358
  291         1         0       358       383       384       359
  292         1         0       359       384       385       360
  293         1         0       360       385       386       361
  294         1         0       361       386       387       362
  295         1         0       362       387       388       363
  296         1         0       363       388       389       364
  297         1         0       364       389       390       365
  298         1         0       365       390       391       366
  299         1         0       366       391       392       367
  300         1         0       367       392       393       368
  301         1         0       368       393       394       369
  302         1         0       369       394       395       370
  303         1         0       370       395       396       371
  304         1         0       371       396       397       372
  305         1         0       372       397       398       373
  306         1         0       373       398       399       374
  307         1         0       374       399       400       375
  308         1         0       375       400       401       376
  309         1         0       376       401       402       377
  310         1         0       377       402       403       378
  311         1         0       378       403        67        68
  312         1         0        15        16       404       379
  313         1         0       379       404       405       380
  314         1         0       380       405       406       381
  315         1         0       381       406       407       382
  316         1         0       382       407       408       383
  317         1         0       383       408       409       384
  318         1         0       384       409       410       385
  319         1         0       385       410       411       386
  320         1         0       386       411       412       387
  321         1         0       387       412       413       388
  322         1         0       388       413       414       389
  323         1         0       389       414       415       390
  324         1         0       390       415       416       391
  325         1         0       391       416       417       392
  326         1         0       392       417       418       393
  327         1         0       393       418       419       394
  328         1         0       394       419       420       395
  329         1         0       395       420       421       396
  330         1         0       396       421       422       397
  331         1         0       397       422       423       398
  332         1         0       398       423       424       399
  333         1         0       399       424       425       400
  334         1         0       400       425       426       401
  335         1         0       401       426       427       402
  336         1         0       402       427       428       403
  337         1         0       403       428        66        67
  338         1         0        16        17       429       404
  339         1         0       404       429       430       405
  340         1         0       405       430       431       406
  341         1         0       406       431       432       407
  342         1         0       407       432       433       408
  343         1         0       408       433       434       409
  344         1         0       409       434       435       410
  345         1         0       410       435       436       411
  346         1         0       411       436       437       412
  347         1         0       412       437       438       413
  348         1         0       413       438       439       414
  349         1         0       414       439       440       415
  350         1         0       415       440       441       416
  351         1         0       416       441       442       417
  352         1         0       417       442       443       418
  353         1         0       418       443       444       419
  354         1         0       419       444       445       420
  355         1         0       420       445       446       421
  356         1         0       421       446       447       422
  357         1         0       422       447       448       423
  358         1         0       423       448       449       424
  359         1         0       424       449       450       425
  360         1         0       425       450       451       426
  361         1         0       426       451       452       427
  362         1         0       427       452       453       428
  363         1         0       428       453        65        66
  364         1         0        17        18       454       429
  365         1         0       429       454       455       430
  366         1         0       430       455       456       431
  367         1         0       431       456       457       432
  368         1         0       432       457       458       433
  369         1         0       433       458       459       434
  370         1         0       434       459       460       435
  371         1         0       435       460       461       436
  372         1         0       436       461       462       437
  373         1         0       437       462       463       438
  374         1         0       438       463       464       439
  375         1         0       439       464       465       440
  376         1         0       440       465       466       441
  377         1         0       441       466       467       442
  378         1         0       442       467       468       443
  379         1         0       443       468       469       444
  380         1         0       444       469       470       445
  381         1         0       445       470       471       446
  382         1         0       446       471       472       447
  383         1         0       447       472       473       448
  384         1         0       448       473       474       449
  385         1         0       449       474       475       450
  386         1         0       450       475       476       451
  387         1         0       451       476       477       452
  388         1         0       452       477       478       453
  389         1         0       453       478        64        65
  390         1         0        18        19       479       454
  391         1         0       454       479       480       455
  392         1         0       455       480       481       456
  393         1         0       456       481       482       457
  394         1         0       457       482       483       458
  395         1         0       458       483       484       459
  396         1         0       459       484       485       460
  397         1         0       460       485       486       461
  398         1         0       461       486       487       462
  399         1         0       462       487       488       463
  400         1         0       463       488       489       464
  401         1         0       464       489       490       465
  402         1         0       465       490       491       466
  403         1         0       466       491       492       467
  404         1         0       467       492       493       468
  405         1         0       468       493       494       469
  406         1         0       469       494       495       470
  407         1         0       470       495       496       471
  408         1         0       471       496       497       472
  409         1         0       472       497       498       473
  410         1         0       473       498       499       474
  411         1         0       474       499       500       475
  412         1         0       475       500       501       476
  413         1         0       476       501       502       477
  414         1         0       477       502       503       478
  415         1         0       478       503        63        64
  416         1         0        19        20       504       479
  417         1         0       479       504       505       480
  418         1         0       480       505       506       481
  419         1         0       481       506       507       482
  420         1         0       482       507       508       483
  421         1         0       483       508       509       484
  422         1         0       484       509       510       485
  423         1         0       485       510       511       486
  424         1         0       486       511       512       487
  425         1         0       487       512       513       488
  426         1         0       488       513       514       489
  427         1         0       489       514       515       490
  428         1         0       490       515       516       491
  429         1         0       491       516       517       492
  430         1         0       492       517       518       493
  431         1         0       493       518       519       494
  432         1         0       494       519       520       495
  433         1         0       495       520       521       496
  434         1         0       496       521       522       497
  435         1         0       497       522       523       498
  436         1         0       498       523       524       499
  437         1         0       499       524       525       500
  438         1         0       500       525       526       501
  439         1         0       501       526       527       502
  440         1         0       502       527       528       503
  441         1         0       503       528        62        63
  442         1         0        20        21       529       504
  443         1         0       504       529       530       505
  444         1         0       505       530       531       506
  445         1         0       506       531       532       507
  446         1         0       507       532       533       508
  447         1         0       508       533       534       509
  448         1         0       509       534       535       510
  449         1         0       510       535       536       511
  450         1         0       511       536       537       512
  451         1         0       512       537       538       513
  452         1         0       513       538       539       514
  453         1         0       514       539       540       515
  454         1         0       515       540       541       516
  455         1         0       516       541       542       517
  456         1         0       517       542       543       518
  457         1         0       518       543       544       519
  458         1         0       519       544       545       520
  459         1         0       520       545       546       521
  460         1         0       521       546       547       522
  461         1         0       522       547       548       523
  462         1         0       523       548       549       524
  463         1         0       524       549       550       525
  464         1         0       525       550       551       526
  465         1         0       526       551       552       527
  466         1         0       527       552       553       528
  467         1         0       528       553        61        62
  468         1         0        21        22       554       529
  469         1         0       529       554       555       530
  470         1         0       530       555       556       531
  471         1         0       531       556       557       532
  472         1         0       532       557       558       533
  473         1         0       533       558       559       534
  474         1         0       534       559       560       535
  475         1         0       535       560       561       536
  476         1         0       536       561       562       537
  477         1         0       537       562       563       538
  478         1         0       538       563       564       539
  479         1         0       539       564       565       540
  480         1         0       540       565       566       541
  481         1         0       541       566       567       542
  482         1         0       542       567       568       543
  483         1         0       543       568       569       544
  484         1         0       544       569       570       545
  485         1         0       545       570       571       546
  486         1         0       546       571       572       547
  487         1         0       547       572       573       548
  488         1         0       548       573       574       549
  489         1         0       549       574       575       550
  490         1         0       550       575       576       551
  491         1         0       551       576       577       552
  492         1         0       552       577       578       553
  493         1         0       553       578        60        61
  494         1         0        22        23       579       554
  495         1         0       554       579       580       555
  496         1         0       555       580       581       556
  497         1         0       556       581       582       557
  498         1         0       557       582       583       558
  499         1         0       558       583       584       559
  500         1         0       559       584       585       560
  501         1         0       560       585       586       561
  502         1         0       561       586       587       562
  503         1         0       562       587       588       563
  504         1         0       563       588       589       564
  505         1         0       564       589       590       565
  506         1         0       565       590       591       566
  507         1         0       566       591       592       567
  508         1         0       567       592       593       568
  509         1         0       568       593       594       569
  510         1         0       569       594       595       570
  511         1         0       570       595       596       571
  512         1         0       571       596       597       572
  513         1         0       572       597       598       573
  514         1         0       573       598       599       574
  515         1         0       574       599       600       575
  516         1         0       575       600       601       576
  517         1         0       576       601       602       577
  518         1         0       577       602       603       578
  519         1         0       578       603        59        60
  520         1         0        23        24       604       579
  521         1         0       579       604       605       580
  522         1         0       580       605       606       581
  523         1         0       581       606       607       582
  524         1         0       582       607       608       583
  525         1         0       583       608       609       584
  526         1         0       584       609       610       585
  527         1         0       585       610       611       586
  528         1         0       586       611       612       587
  529         1         0       587       612       613       588
  530         1         0       588       613       614       589
  531         1         0       589       614       615       590
  532         1         0       590       615       616       591
  533         1         0       591       616       617       592
  534         1         0       592       617       618       593
  535         1         0       593       618       619       594
  536         1         0       594       619       620       595
  537         1         0       595       620       621       596
  538         1         0       596       621       622       597
  539         1         0       597       622       623       598
  540         1         0       598       623       624       599
  541         1         0       599       624       625       600
  542         1         0       600       625       626       601
  543         1         0       601       626       627       602
  544         1         0       602       627       628       603
  545         1         0       603       628        58        59
  546         1         0        24        25       629       604
  547         1         0       604       629       630       605
  548         1         0       605       630       631       606
  549         1         0       606       631       632       607
  550         1         0       607       632       633       608
  551         1         0       608       633       634       609
  552         1         0       609       634       635       610
  553         1         0       610       635       636       611
  554         1         0       611       636       637       612
  555         1         0       612       637       638       613
  556         1         0       613       638       639       614
  557         1         0       614       639       640       615
  558         1         0       615       640       641       616
  559         1         0       616       641       642       617
  560         1         0       617       642       643       618
  561         1         0       618       643       644       619
  562         1         0       619       644       645       620
  563         1         0       620       645       646       621
  564         1         0       621       646       647       622
  565         1         0       622       647       648       623
  566         1         0       623       648       649       624
  567         1         0       624       649       650       625
  568         1         0       625       650       651       626
  569         1         0       626       651       652       627
  570         1         0       627       652       653       628
  571         1         0       628       653        57        58
  572         1         0        25        26       654       629
  573         1         0       629       654       655       630
  574         1         0       630       655       656       631
  575         1         0       631       656       657       632
  576         1         0       632       657       658       633
  577         1         0       633       658       659       634
  578         1         0       634       659       660       635
  579         1         0       635       660       661       636
  580         1         0       636       661       662       637
  581         1         0       637       662       663       638
  582         1         0       638       663       664       639
  583         1         0       639       664       665       640
  584         1         0       640       665       666       641
  585         1         0       641       666       667       642
  586         1         0       642       667       668       643
  587         1         0       643       668       669       644
  588         1         0       644       669       670       645
  589         1         0       645       670       671       646
  590         1         0       646       671       672       647
  591         1         0       647       672       673       648
  592         1         0       648       673       674       649
  593         1         0       649       674       675       650
  594         1         0       650       675       676       651
  595         1         0       651       676       677       652
  596         1         0       652       677       678       653
  597         1         0       653       678        56        57
  598         1         0        26        27       679       654
  599         1         0       654       679       680       655
  600         1         0       655       680       681       656
  601         1         0       656       681       682       657
  602         1         0       657       682       683       658
  603         1         0       658       683       684       659
  604         1         0       659       684       685       660
  605         1         0       660       685       686       661
  606         1         0       661       686       687       662
  607         1         0       662       687       688       663
  608         1         0       663       688       689       664
  609         1         0       664       689       690       665
  610         1         0       665       690       691       666
  611         1         0       666       691       692       667
  612         1         0       667       692       693       668
  613         1         0       668       693       694       669
  614         1         0       669       694       695       670
  615         1         0       670       695       696       671
  616         1         0       671       696       697       672
  617         1         0       672       697       698       673
  618         1         0       673       698       699       674
  619         1         0       674       699       700       675
  620         1         0       675       700       701       676
  621         1         0       676       701       702       677
  622         1         0       677       702       703       678
  623         1         0       678       703        55        56
  624         1         0        27        28       704       679
  625         1         0       679       704       705       680
  626         1         0       680       705       706       681
  627         1         0       681       706       707       682
  628         1         0       682       707       708       683
  629         1         0       683       708       709       684
  630         1         0       684       709       710       685
  631         1         0       685       710       711       686
  632         1         0       686       711       712       687
  633         1         0       687       712       713       688
  634         1         0       688       713       714       689
  635         1         0       689       714       715       690
  636         1         0       690       715       716       691
  637         1         0       691       716       717       692
  638         1         0       692       717       718       693
  639         1         0       693       718       719       694
  640         1         0       694       719       720       695
  641         1         0       695       720       721       696
  642         1         0       696       721       722       697
  643         1         0       697       722       723       698
  644         1         0       698       723       724       699
  645         1         0       699       724       725       700
  646         1         0       700       725       726       701
  647         1         0       701       726       727       702
  648         1         0       702       727       728       703
  649         1         0       703       728        54        55
  650         1         0        28         1        29       704
  651         1         0       704        29        30       705
  652         1         0       705        30        31       706
  653         1         0       706        31        32       707
  654         1         0       707        32        33       708
  655         1         0       708        33        34       709
  656         1         0       709        34        35       710
  657         1         0       710        35        36       711
  658         1         0       711        36        37       712
  659         1         0       712        37        38       713
  660         1         0       713        38        39       714
  661         1         0       714        39        40       715
  662         1         0       715        40        41       716
  663         1         0       716        41        42       717
  664         1         0       717        42        43       718
  665         1         0       718        43        44       719
  666         1         0       719        44        45       720
  667         1         0       720        45        46       721
  668         1         0       721        46        47       722
  669         1         0       722        47        48       723
  670         1         0       723        48        49       724
  671         1         0       724        49        50       725
  672         1         0       725        50        51       726
  673         1         0       726        51        52       727
  674         1         0       727        52        53       728
  675         1         0       728        53         2        54
