0 0.0000 0.0000
1 -2.2943 3.2766
2 0.0000 6.5532
3 2.2943 3.2766
4 -0.0574 0.0819
5 -0.1147 0.1638
6 -0.1721 0.2457
7 -0.2294 0.3277
8 -0.2868 0.4096
9 -0.3441 0.4915
10 -0.4015 0.5734
11 -0.4589 0.6553
12 -0.5162 0.7372
13 -0.5736 0.8192
14 -0.6309 0.9011
15 -0.6883 0.9830
16 -0.7456 1.0649
17 -0.8030 1.1468
18 -0.8604 1.2287
19 -0.9177 1.3106
20 -0.9751 1.3926
21 -1.0324 1.4745
22 -1.0898 1.5564
23 -1.1472 1.6383
24 -1.2045 1.7202
25 -1.2619 1.8021
26 -1.3192 1.8840
27 -1.3766 1.9660
28 -1.4339 2.0479
29 -1.4913 2.1298
30 -1.5487 2.2117
31 -1.6060 2.2936
32 -1.6634 2.3755
33 -1.7207 2.4575
34 -1.7781 2.5394
35 -1.8354 2.6213
36 -1.8928 2.7032
37 -1.9502 2.7851
38 -2.0075 2.8670
39 -2.0649 2.9489
40 -2.1222 3.0309
41 -2.1796 3.1128
42 -2.2369 3.1947
43 -2.2369 3.3585
44 -2.1796 3.4404
45 -2.1222 3.5224
46 -2.0649 3.6043
47 -2.0075 3.6862
48 -1.9502 3.7681
49 -1.8928 3.8500
50 -1.8354 3.9319
51 -1.7781 4.0138
52 -1.7207 4.0958
53 -1.6634 4.1777
54 -1.6060 4.2596
55 -1.5487 4.3415
56 -1.4913 4.4234
57 -1.4339 4.5053
58 -1.3766 4.5873
59 -1.3192 4.6692
60 -1.2619 4.7511
61 -1.2045 4.8330
62 -1.1472 4.9149
63 -1.0898 4.9968
64 -1.0324 5.0787
65 -0.9751 5.1607
66 -0.9177 5.2426
67 -0.8604 5.3245
68 -0.8030 5.4064
69 -0.7456 5.4883
70 -0.6883 5.5702
71 -0.6309 5.6521
72 -0.5736 5.7341
73 -0.5162 5.8160
74 -0.4589 5.8979
75 -0.4015 5.9798
76 -0.3441 6.0617
77 -0.2868 6.1436
78 -0.2294 6.2256
79 -0.1721 6.3075
80 -0.1147 6.3894
81 -0.0574 6.4713
82 0.0574 6.4713
83 0.1147 6.3894
84 0.1721 6.3075
85 0.2294 6.2256
86 0.2868 6.1436
87 0.3441 6.0617
88 0.4015 5.9798
89 0.4589 5.8979
90 0.5162 5.8160
91 0.5736 5.7341
92 0.6309 5.6521
93 0.6883 5.5702
94 0.7456 5.4883
95 0.8030 5.4064
96 0.8604 5.3245
97 0.9177 5.2426
98 0.9751 5.1607
99 1.0324 5.0787
100 1.0898 4.9968
101 1.1472 4.9149
102 1.2045 4.8330
103 1.2619 4.7511
104 1.3192 4.6692
105 1.3766 4.5873
106 1.4339 4.5053
107 1.4913 4.4234
108 1.5487 4.3415
109 1.6060 4.2596
110 1.6634 4.1777
111 1.7207 4.0958
112 1.7781 4.0138
113 1.8354 3.9319
114 1.8928 3.8500
115 1.9502 3.7681
116 2.0075 3.6862
117 2.0649 3.6043
118 2.1222 3.5224
119 2.1796 3.4404
120 2.2369 3.3585
121 2.2369 3.1947
122 2.1796 3.1128
123 2.1222 3.0309
124 2.0649 2.9489
125 2.0075 2.8670
126 1.9502 2.7851
127 1.8928 2.7032
128 1.8354 2.6213
129 1.7781 2.5394
130 1.7207 2.4575
131 1.6634 2.3755
132 1.6060 2.2936
133 1.5487 2.2117
134 1.4913 2.1298
135 1.4339 2.0479
136 1.3766 1.9660
137 1.3192 1.8840
138 1.2619 1.8021
139 1.2045 1.7202
140 1.1472 1.6383
141 1.0898 1.5564
142 1.0324 1.4745
143 0.9751 1.3926
144 0.9177 1.3106
145 0.8604 1.2287
146 0.8030 1.1468
147 0.7456 1.0649
148 0.6883 0.9830
149 0.6309 0.9011
150 0.5736 0.8192
151 0.5162 0.7372
152 0.4589 0.6553
153 0.4015 0.5734
154 0.3441 0.4915
155 0.2868 0.4096
156 0.2294 0.3277
157 0.1721 0.2457
158 0.1147 0.1638
159 0.0574 0.0819
160 0.0000 0.1638
161 0.0574 0.2457
162 0.1147 0.3277
163 0.1721 0.4096
164 0.2294 0.4915
165 0.2868 0.5734
166 0.3441 0.6553
167 0.4015 0.7372
168 0.4589 0.8192
169 0.5162 0.9011
170 0.5736 0.9830
171 0.6309 1.0649
172 0.6883 1.1468
173 0.7456 1.2287
174 0.8030 1.3106
175 0.8604 1.3926
176 0.9177 1.4745
177 0.9751 1.5564
178 1.0324 1.6383
179 1.0898 1.7202
180 1.1472 1.8021
181 1.2045 1.8840
182 1.2619 1.9660
183 1.3192 2.0479
184 1.3766 2.1298
185 1.4339 2.2117
186 1.4913 2.2936
187 1.5487 2.3755
188 1.6060 2.4575
189 1.6634 2.5394
190 1.7207 2.6213
191 1.7781 2.7032
192 1.8354 2.7851
193 1.8928 2.8670
194 1.9502 2.9489
195 2.0075 3.0309
196 2.0649 3.1128
197 2.1222 3.1947
198 2.1796 3.2766
199 -0.0574 0.2457
200 0.0000 0.3277
201 0.0574 0.4096
202 0.1147 0.4915
203 0.1721 0.5734
204 0.2294 0.6553
205 0.2868 0.7372
206 0.3441 0.8192
207 0.4015 0.9011
208 0.4589 0.9830
209 0.5162 1.0649
210 0.5736 1.1468
211 0.6309 1.2287
212 0.6883 1.3106
213 0.7456 1.3926
214 0.8030 1.4745
215 0.8604 1.5564
216 0.9177 1.6383
217 0.9751 1.7202
218 1.0324 1.8021
219 1.0898 1.8840
220 1.1472 1.9660
221 1.2045 2.0479
222 1.2619 2.1298
223 1.3192 2.2117
224 1.3766 2.2936
225 1.4339 2.3755
226 1.4913 2.4575
227 1.5487 2.5394
228 1.6060 2.6213
229 1.6634 2.7032
230 1.7207 2.7851
231 1.7781 2.8670
232 1.8354 2.9489
233 1.8928 3.0309
234 1.9502 3.1128
235 2.0075 3.1947
236 2.0649 3.2766
237 2.1222 3.3585
238 -0.1147 0.3277
239 -0.0574 0.4096
240 0.0000 0.4915
241 0.0574 0.5734
242 0.1147 0.6553
243 0.1721 0.7372
244 0.2294 0.8192
245 0.2868 0.9011
246 0.3441 0.9830
247 0.4015 1.0649
248 0.4589 1.1468
249 0.5162 1.2287
250 0.5736 1.3106
251 0.6309 1.3926
252 0.6883 1.4745
253 0.7456 1.5564
254 0.8030 1.6383
255 0.8604 1.7202
256 0.9177 1.8021
257 0.9751 1.8840
258 1.0324 1.9660
259 1.0898 2.0479
260 1.1472 2.1298
261 1.2045 2.2117
262 1.2619 2.2936
263 1.3192 2.3755
264 1.3766 2.4575
265 1.4339 2.5394
266 1.4913 2.6213
267 1.5487 2.7032
268 1.6060 2.7851
269 1.6634 2.8670
270 1.7207 2.9489
271 1.7781 3.0309
272 1.8354 3.1128
273 1.8928 3.1947
274 1.9502 3.2766
275 2.0075 3.3585
276 2.0649 3.4404
277 -0.1721 0.4096
278 -0.1147 0.4915
279 -0.0574 0.5734
280 0.0000 0.6553
281 0.0574 0.7372
282 0.1147 0.8192
283 0.1721 0.9011
284 0.2294 0.9830
285 0.2868 1.0649
286 0.3441 1.1468
287 0.4015 1.2287
288 0.4589 1.3106
289 0.5162 1.3926
290 0.5736 1.4745
291 0.6309 1.5564
292 0.6883 1.6383
293 0.7456 1.7202
294 0.8030 1.8021
295 0.8604 1.8840
296 0.9177 1.9660
297 0.9751 2.0479
298 1.0324 2.1298
299 1.0898 2.2117
300 1.1472 2.2936
301 1.2045 2.3755
302 1.2619 2.4575
303 1.3192 2.5394
304 1.3766 2.6213
305 1.4339 2.7032
306 1.4913 2.7851
307 1.5487 2.8670
308 1.6060 2.9489
309 1.6634 3.0309
310 1.7207 3.1128
311 1.7781 3.1947
312 1.8354 3.2766
313 1.8928 3.3585
314 1.9502 3.4404
315 2.0075 3.5224
316 -0.2294 0.4915
317 -0.1721 0.5734
318 -0.1147 0.6553
319 -0.0574 0.7372
320 0.0000 0.8192
321 0.0574 0.9011
322 0.1147 0.9830
323 0.1721 1.0649
324 0.2294 1.1468
325 0.2868 1.2287
326 0.3441 1.3106
327 0.4015 1.3926
328 0.4589 1.4745
329 0.5162 1.5564
330 0.5736 1.6383
331 0.6309 1.7202
332 0.6883 1.8021
333 0.7456 1.8840
334 0.8030 1.9660
335 0.8604 2.0479
336 0.9177 2.1298
337 0.9751 2.2117
338 1.0324 2.2936
339 1.0898 2.3755
340 1.1472 2.4575
341 1.2045 2.5394
342 1.2619 2.6213
343 1.3192 2.7032
344 1.3766 2.7851
345 1.4339 2.8670
346 1.4913 2.9489
347 1.5487 3.0309
348 1.6060 3.1128
349 1.6634 3.1947
350 1.7207 3.2766
351 1.7781 3.3585
352 1.8354 3.4404
353 1.8928 3.5224
354 1.9502 3.6043
355 -0.2868 0.5734
356 -0.2294 0.6553
357 -0.1721 0.7372
358 -0.1147 0.8192
359 -0.0574 0.9011
360 0.0000 0.9830
361 0.0574 1.0649
362 0.1147 1.1468
363 0.1721 1.2287
364 0.2294 1.3106
365 0.2868 1.3926
366 0.3441 1.4745
367 0.4015 1.5564
368 0.4589 1.6383
369 0.5162 1.7202
370 0.5736 1.8021
371 0.6309 1.8840
372 0.6883 1.9660
373 0.7456 2.0479
374 0.8030 2.1298
375 0.8604 2.2117
376 0.9177 2.2936
377 0.9751 2.3755
378 1.0324 2.4575
379 1.0898 2.5394
380 1.1472 2.6213
381 1.2045 2.7032
382 1.2619 2.7851
383 1.3192 2.8670
384 1.3766 2.9489
385 1.4339 3.0309
386 1.4913 3.1128
387 1.5487 3.1947
388 1.6060 3.2766
389 1.6634 3.3585
390 1.7207 3.4404
391 1.7781 3.5224
392 1.8354 3.6043
393 1.8928 3.6862
394 -0.3441 0.6553
395 -0.2868 0.7372
396 -0.2294 0.8192
397 -0.1721 0.9011
398 -0.1147 0.9830
399 -0.0574 1.0649
400 0.0000 1.1468
401 0.0574 1.2287
402 0.1147 1.3106
403 0.1721 1.3926
404 0.2294 1.4745
405 0.2868 1.5564
406 0.3441 1.6383
407 0.4015 1.7202
408 0.4589 1.8021
409 0.5162 1.8840
410 0.5736 1.9660
411 0.6309 2.0479
412 0.6883 2.1298
413 0.7456 2.2117
414 0.8030 2.2936
415 0.8604 2.3755
416 0.9177 2.4575
417 0.9751 2.5394
418 1.0324 2.6213
419 1.0898 2.7032
420 1.1472 2.7851
421 1.2045 2.8670
422 1.2619 2.9489
423 1.3192 3.0309
424 1.3766 3.1128
425 1.4339 3.1947
426 1.4913 3.2766
427 1.5487 3.3585
428 1.6060 3.4404
429 1.6634 3.5224
430 1.7207 3.6043
431 1.7781 3.6862
432 1.8354 3.7681
433 -0.4015 0.7372
434 -0.3441 0.8192
435 -0.2868 0.9011
436 -0.2294 0.9830
437 -0.1721 1.0649
438 -0.1147 1.1468
439 -0.0574 1.2287
440 0.0000 1.3106
441 0.0574 1.3926
442 0.1147 1.4745
443 0.1721 1.5564
444 0.2294 1.6383
445 0.2868 1.7202
446 0.3441 1.8021
447 0.4015 1.8840
448 0.4589 1.9660
449 0.5162 2.0479
450 0.5736 2.1298
451 0.6309 2.2117
452 0.6883 2.2936
453 0.7456 2.3755
454 0.8030 2.4575
455 0.8604 2.5394
456 0.9177 2.6213
457 0.9751 2.7032
458 1.0324 2.7851
459 1.0898 2.8670
460 1.1472 2.9489
461 1.2045 3.0309
462 1.2619 3.1128
463 1.3192 3.1947
464 1.3766 3.2766
465 1.4339 3.3585
466 1.4913 3.4404
467 1.5487 3.5224
468 1.6060 3.6043
469 1.6634 3.6862
470 1.7207 3.7681
471 1.7781 3.8500
472 -0.4589 0.8192
473 -0.4015 0.9011
474 -0.3441 0.9830
475 -0.2868 1.0649
476 -0.2294 1.1468
477 -0.1721 1.2287
478 -0.1147 1.3106
479 -0.0574 1.3926
480 0.0000 1.4745
481 0.0574 1.5564
482 0.1147 1.6383
483 0.1721 1.7202
484 0.2294 1.8021
485 0.2868 1.8840
486 0.3441 1.9660
487 0.4015 2.0479
488 0.4589 2.1298
489 0.5162 2.2117
490 0.5736 2.2936
491 0.6309 2.3755
492 0.6883 2.4575
493 0.7456 2.5394
494 0.8030 2.6213
495 0.8604 2.7032
496 0.9177 2.7851
497 0.9751 2.8670
498 1.0324 2.9489
499 1.0898 3.0309
500 1.1472 3.1128
501 1.2045 3.1947
502 1.2619 3.2766
503 1.3192 3.3585
504 1.3766 3.4404
505 1.4339 3.5224
506 1.4913 3.6043
507 1.5487 3.6862
508 1.6060 3.7681
509 1.6634 3.8500
510 1.7207 3.9319
511 -0.5162 0.9011
512 -0.4589 0.9830
513 -0.4015 1.0649
514 -0.3441 1.1468
515 -0.2868 1.2287
516 -0.2294 1.3106
517 -0.1721 1.3926
518 -0.1147 1.4745
519 -0.0574 1.5564
520 0.0000 1.6383
521 0.0574 1.7202
522 0.1147 1.8021
523 0.1721 1.8840
524 0.2294 1.9660
525 0.2868 2.0479
526 0.3441 2.1298
527 0.4015 2.2117
528 0.4589 2.2936
529 0.5162 2.3755
530 0.5736 2.4575
531 0.6309 2.5394
532 0.6883 2.6213
533 0.7456 2.7032
534 0.8030 2.7851
535 0.8604 2.8670
536 0.9177 2.9489
537 0.9751 3.0309
538 1.0324 3.1128
539 1.0898 3.1947
540 1.1472 3.2766
541 1.2045 3.3585
542 1.2619 3.4404
543 1.3192 3.5224
544 1.3766 3.6043
545 1.4339 3.6862
546 1.4913 3.7681
547 1.5487 3.8500
548 1.6060 3.9319
549 1.6634 4.0138
550 -0.5736 0.9830
551 -0.5162 1.0649
552 -0.4589 1.1468
553 -0.4015 1.2287
554 -0.3441 1.3106
555 -0.2868 1.3926
556 -0.2294 1.4745
557 -0.1721 1.5564
558 -0.1147 1.6383
559 -0.0574 1.7202
560 0.0000 1.8021
561 0.0574 1.8840
562 0.1147 1.9660
563 0.1721 2.0479
564 0.2294 2.1298
565 0.2868 2.2117
566 0.3441 2.2936
567 0.4015 2.3755
568 0.4589 2.4575
569 0.5162 2.5394
570 0.5736 2.6213
571 0.6309 2.7032
572 0.6883 2.7851
573 0.7456 2.8670
574 0.8030 2.9489
575 0.8604 3.0309
576 0.9177 3.1128
577 0.9751 3.1947
578 1.0324 3.2766
579 1.0898 3.3585
580 1.1472 3.4404
581 1.2045 3.5224
582 1.2619 3.6043
583 1.3192 3.6862
584 1.3766 3.7681
585 1.4339 3.8500
586 1.4913 3.9319
587 1.5487 4.0138
588 1.6060 4.0958
589 -0.6309 1.0649
590 -0.5736 1.1468
591 -0.5162 1.2287
592 -0.4589 1.3106
593 -0.4015 1.3926
594 -0.3441 1.4745
595 -0.2868 1.5564
596 -0.2294 1.6383
597 -0.1721 1.7202
598 -0.1147 1.8021
599 -0.0574 1.8840
600 0.0000 1.9660
601 0.0574 2.0479
602 0.1147 2.1298
603 0.1721 2.2117
604 0.2294 2.2936
605 0.2868 2.3755
606 0.3441 2.4575
607 0.4015 2.5394
608 0.4589 2.6213
609 0.5162 2.7032
610 0.5736 2.7851
611 0.6309 2.8670
612 0.6883 2.9489
613 0.7456 3.0309
614 0.8030 3.1128
615 0.8604 3.1947
616 0.9177 3.2766
617 0.9751 3.3585
618 1.0324 3.4404
619 1.0898 3.5224
620 1.1472 3.6043
621 1.2045 3.6862
622 1.2619 3.7681
623 1.3192 3.8500
624 1.3766 3.9319
625 1.4339 4.0138
626 1.4913 4.0958
627 1.5487 4.1777
628 -0.6883 1.1468
629 -0.6309 1.2287
630 -0.5736 1.3106
631 -0.5162 1.3926
632 -0.4589 1.4745
633 -0.4015 1.5564
634 -0.3441 1.6383
635 -0.2868 1.7202
636 -0.2294 1.8021
637 -0.1721 1.8840
638 -0.1147 1.9660
639 -0.0574 2.0479
640 0.0000 2.1298
641 0.0574 2.2117
642 0.1147 2.2936
643 0.1721 2.3755
644 0.2294 2.4575
645 0.2868 2.5394
646 0.3441 2.6213
647 0.4015 2.7032
648 0.4589 2.7851
649 0.5162 2.8670
650 0.5736 2.9489
651 0.6309 3.0309
652 0.6883 3.1128
653 0.7456 3.1947
654 0.8030 3.2766
655 0.8604 3.3585
656 0.9177 3.4404
657 0.9751 3.5224
658 1.0324 3.6043
659 1.0898 3.6862
660 1.1472 3.7681
661 1.2045 3.8500
662 1.2619 3.9319
663 1.3192 4.0138
664 1.3766 4.0958
665 1.4339 4.1777
666 1.4913 4.2596
667 -0.7456 1.2287
668 -0.6883 1.3106
669 -0.6309 1.3926
670 -0.5736 1.4745
671 -0.5162 1.5564
672 -0.4589 1.6383
673 -0.4015 1.7202
674 -0.3441 1.8021
675 -0.2868 1.8840
676 -0.2294 1.9660
677 -0.1721 2.0479
678 -0.1147 2.1298
679 -0.0574 2.2117
680 0.0000 2.2936
681 0.0574 2.3755
682 0.1147 2.4575
683 0.1721 2.5394
684 0.2294 2.6213
685 0.2868 2.7032
686 0.3441 2.7851
687 0.4015 2.8670
688 0.4589 2.9489
689 0.5162 3.0309
690 0.5736 3.1128
691 0.6309 3.1947
692 0.6883 3.2766
693 0.7456 3.3585
694 0.8030 3.4404
695 0.8604 3.5224
696 0.9177 3.6043
697 0.9751 3.6862
698 1.0324 3.7681
699 1.0898 3.8500
700 1.1472 3.9319
701 1.2045 4.0138
702 1.2619 4.0958
703 1.3192 4.1777
704 1.3766 4.2596
705 1.4339 4.3415
706 -0.8030 1.3106
707 -0.7456 1.3926
708 -0.6883 1.4745
709 -0.6309 1.5564
710 -0.5736 1.6383
711 -0.5162 1.7202
712 -0.4589 1.8021
713 -0.4015 1.8840
714 -0.3441 1.9660
715 -0.2868 2.0479
716 -0.2294 2.1298
717 -0.1721 2.2117
718 -0.1147 2.2936
719 -0.0574 2.3755
720 0.0000 2.4575
721 0.0574 2.5394
722 0.1147 2.6213
723 0.1721 2.7032
724 0.2294 2.7851
725 0.2868 2.8670
726 0.3441 2.9489
727 0.4015 3.0309
728 0.4589 3.1128
729 0.5162 3.1947
730 0.5736 3.2766
731 0.6309 3.3585
732 0.6883 3.4404
733 0.7456 3.5224
734 0.8030 3.6043
735 0.8604 3.6862
736 0.9177 3.7681
737 0.9751 3.8500
738 1.0324 3.9319
739 1.0898 4.0138
740 1.1472 4.0958
741 1.2045 4.1777
742 1.2619 4.2596
743 1.3192 4.3415
744 1.3766 4.4234
745 -0.8604 1.3926
746 -0.8030 1.4745
747 -0.7456 1.5564
748 -0.6883 1.6383
749 -0.6309 1.7202
750 -0.5736 1.8021
751 -0.5162 1.8840
752 -0.4589 1.9660
753 -0.4015 2.0479
754 -0.3441 2.1298
755 -0.2868 2.2117
756 -0.2294 2.2936
757 -0.1721 2.3755
758 -0.1147 2.4575
759 -0.0574 2.5394
760 0.0000 2.6213
761 0.0574 2.7032
762 0.1147 2.7851
763 0.1721 2.8670
764 0.2294 2.9489
765 0.2868 3.0309
766 0.3441 3.1128
767 0.4015 3.1947
768 0.4589 3.2766
769 0.5162 3.3585
770 0.5736 3.4404
771 0.6309 3.5224
772 0.6883 3.6043
773 0.7456 3.6862
774 0.8030 3.7681
775 0.8604 3.8500
776 0.9177 3.9319
777 0.9751 4.0138
778 1.0324 4.0958
779 1.0898 4.1777
780 1.1472 4.2596
781 1.2045 4.3415
782 1.2619 4.4234
783 1.3192 4.5053
784 -0.9177 1.4745
785 -0.8604 1.5564
786 -0.8030 1.6383
787 -0.7456 1.7202
788 -0.6883 1.8021
789 -0.6309 1.8840
790 -0.5736 1.9660
791 -0.5162 2.0479
792 -0.4589 2.1298
793 -0.4015 2.2117
794 -0.3441 2.2936
795 -0.2868 2.3755
796 -0.2294 2.4575
797 -0.1721 2.5394
798 -0.1147 2.6213
799 -0.0574 2.7032
800 0.0000 2.7851
801 0.0574 2.8670
802 0.1147 2.9489
803 0.1721 3.0309
804 0.2294 3.1128
805 0.2868 3.1947
806 0.3441 3.2766
807 0.4015 3.3585
808 0.4589 3.4404
809 0.5162 3.5224
810 0.5736 3.6043
811 0.6309 3.6862
812 0.6883 3.7681
813 0.7456 3.8500
814 0.8030 3.9319
815 0.8604 4.0138
816 0.9177 4.0958
817 0.9751 4.1777
818 1.0324 4.2596
819 1.0898 4.3415
820 1.1472 4.4234
821 1.2045 4.5053
822 1.2619 4.5873
823 -0.9751 1.5564
824 -0.9177 1.6383
825 -0.8604 1.7202
826 -0.8030 1.8021
827 -0.7456 1.8840
828 -0.6883 1.9660
829 -0.6309 2.0479
830 -0.5736 2.1298
831 -0.5162 2.2117
832 -0.4589 2.2936
833 -0.4015 2.3755
834 -0.3441 2.4575
835 -0.2868 2.5394
836 -0.2294 2.6213
837 -0.1721 2.7032
838 -0.1147 2.7851
839 -0.0574 2.8670
840 0.0000 2.9489
841 0.0574 3.0309
842 0.1147 3.1128
843 0.1721 3.1947
844 0.2294 3.2766
845 0.2868 3.3585
846 0.3441 3.4404
847 0.4015 3.5224
848 0.4589 3.6043
849 0.5162 3.6862
850 0.5736 3.7681
851 0.6309 3.8500
852 0.6883 3.9319
853 0.7456 4.0138
854 0.8030 4.0958
855 0.8604 4.1777
856 0.9177 4.2596
857 0.9751 4.3415
858 1.0324 4.4234
859 1.0898 4.5053
860 1.1472 4.5873
861 1.2045 4.6692
862 -1.0324 1.6383
863 -0.9751 1.7202
864 -0.9177 1.8021
865 -0.8604 1.8840
866 -0.8030 1.9660
867 -0.7456 2.0479
868 -0.6883 2.1298
869 -0.6309 2.2117
870 -0.5736 2.2936
871 -0.5162 2.3755
872 -0.4589 2.4575
873 -0.4015 2.5394
874 -0.3441 2.6213
875 -0.2868 2.7032
876 -0.2294 2.7851
877 -0.1721 2.8670
878 -0.1147 2.9489
879 -0.0574 3.0309
880 0.0000 3.1128
881 0.0574 3.1947
882 0.1147 3.2766
883 0.1721 3.3585
884 0.2294 3.4404
885 0.2868 3.5224
886 0.3441 3.6043
887 0.4015 3.6862
888 0.4589 3.7681
889 0.5162 3.8500
890 0.5736 3.9319
891 0.6309 4.0138
892 0.6883 4.0958
893 0.7456 4.1777
894 0.8030 4.2596
895 0.8604 4.3415
896 0.9177 4.4234
897 0.9751 4.5053
898 1.0324 4.5873
899 1.0898 4.6692
900 1.1472 4.7511
901 -1.0898 1.7202
902 -1.0324 1.8021
903 -0.9751 1.8840
904 -0.9177 1.9660
905 -0.8604 2.0479
906 -0.8030 2.1298
907 -0.7456 2.2117
908 -0.6883 2.2936
909 -0.6309 2.3755
910 -0.5736 2.4575
911 -0.5162 2.5394
912 -0.4589 2.6213
913 -0.4015 2.7032
914 -0.3441 2.7851
915 -0.2868 2.8670
916 -0.2294 2.9489
917 -0.1721 3.0309
918 -0.1147 3.1128
919 -0.0574 3.1947
920 -0.0000 3.2766
921 0.0574 3.3585
922 0.1147 3.4404
923 0.1721 3.5224
924 0.2294 3.6043
925 0.2868 3.6862
926 0.3441 3.7681
927 0.4015 3.8500
928 0.4589 3.9319
929 0.5162 4.0138
930 0.5736 4.0958
931 0.6309 4.1777
932 0.6883 4.2596
933 0.7456 4.3415
934 0.8030 4.4234
935 0.8604 4.5053
936 0.9177 4.5873
937 0.9751 4.6692
938 1.0324 4.7511
939 1.0898 4.8330
940 -1.1472 1.8021
941 -1.0898 1.8840
942 -1.0324 1.9660
943 -0.9751 2.0479
944 -0.9177 2.1298
945 -0.8604 2.2117
946 -0.8030 2.2936
947 -0.7456 2.3755
948 -0.6883 2.4575
949 -0.6309 2.5394
950 -0.5736 2.6213
951 -0.5162 2.7032
952 -0.4589 2.7851
953 -0.4015 2.8670
954 -0.3441 2.9489
955 -0.2868 3.0309
956 -0.2294 3.1128
957 -0.1721 3.1947
958 -0.1147 3.2766
959 -0.0574 3.3585
960 -0.0000 3.4404
961 0.0574 3.5224
962 0.1147 3.6043
963 0.1721 3.6862
964 0.2294 3.7681
965 0.2868 3.8500
966 0.3441 3.9319
967 0.4015 4.0138
968 0.4589 4.0958
969 0.5162 4.1777
970 0.5736 4.2596
971 0.6309 4.3415
972 0.6883 4.4234
973 0.7456 4.5053
974 0.8030 4.5873
975 0.8604 4.6692
976 0.9177 4.7511
977 0.9751 4.8330
978 1.0324 4.9149
979 -1.2045 1.8840
980 -1.1472 1.9660
981 -1.0898 2.0479
982 -1.0324 2.1298
983 -0.9751 2.2117
984 -0.9177 2.2936
985 -0.8604 2.3755
986 -0.8030 2.4575
987 -0.7456 2.5394
988 -0.6883 2.6213
989 -0.6309 2.7032
990 -0.5736 2.7851
991 -0.5162 2.8670
992 -0.4589 2.9489
993 -0.4015 3.0309
994 -0.3441 3.1128
995 -0.2868 3.1947
996 -0.2294 3.2766
997 -0.1721 3.3585
998 -0.1147 3.4404
999 -0.0574 3.5224
1000 -0.0000 3.6043
1001 0.0574 3.6862
1002 0.1147 3.7681
1003 0.1721 3.8500
1004 0.2294 3.9319
1005 0.2868 4.0138
1006 0.3441 4.0958
1007 0.4015 4.1777
1008 0.4589 4.2596
1009 0.5162 4.3415
1010 0.5736 4.4234
1011 0.6309 4.5053
1012 0.6883 4.5873
1013 0.7456 4.6692
1014 0.8030 4.7511
1015 0.8604 4.8330
1016 0.9177 4.9149
1017 0.9751 4.9968
1018 -1.2619 1.9660
1019 -1.2045 2.0479
1020 -1.1472 2.1298
1021 -1.0898 2.2117
1022 -1.0324 2.2936
1023 -0.9751 2.3755
1024 -0.9177 2.4575
1025 -0.8604 2.5394
1026 -0.8030 2.6213
1027 -0.7456 2.7032
1028 -0.6883 2.7851
1029 -0.6309 2.8670
1030 -0.5736 2.9489
1031 -0.5162 3.0309
1032 -0.4589 3.1128
1033 -0.4015 3.1947
1034 -0.3441 3.2766
1035 -0.2868 3.3585
1036 -0.2294 3.4404
1037 -0.1721 3.5224
1038 -0.1147 3.6043
1039 -0.0574 3.6862
1040 -0.0000 3.7681
1041 0.0574 3.8500
1042 0.1147 3.9319
1043 0.1721 4.0138
1044 0.2294 4.0958
1045 0.2868 4.1777
1046 0.3441 4.2596
1047 0.4015 4.3415
1048 0.4589 4.4234
1049 0.5162 4.5053
1050 0.5736 4.5873
1051 0.6309 4.6692
1052 0.6883 4.7511
1053 0.7456 4.8330
1054 0.8030 4.9149
1055 0.8604 4.9968
1056 0.9177 5.0787
1057 -1.3192 2.0479
1058 -1.2619 2.1298
1059 -1.2045 2.2117
1060 -1.1472 2.2936
1061 -1.0898 2.3755
1062 -1.0324 2.4575
1063 -0.9751 2.5394
1064 -0.9177 2.6213
1065 -0.8604 2.7032
1066 -0.8030 2.7851
1067 -0.7456 2.8670
1068 -0.6883 2.9489
1069 -0.6309 3.0309
1070 -0.5736 3.1128
1071 -0.5162 3.1947
1072 -0.4589 3.2766
1073 -0.4015 3.3585
1074 -0.3441 3.4404
1075 -0.2868 3.5224
1076 -0.2294 3.6043
1077 -0.1721 3.6862
1078 -0.1147 3.7681
1079 -0.0574 3.8500
1080 -0.0000 3.9319
1081 0.0574 4.0138
1082 0.1147 4.0958
1083 0.1721 4.1777
1084 0.2294 4.2596
1085 0.2868 4.3415
1086 0.3441 4.4234
1087 0.4015 4.5053
1088 0.4589 4.5873
1089 0.5162 4.6692
1090 0.5736 4.7511
1091 0.6309 4.8330
1092 0.6883 4.9149
1093 0.7456 4.9968
1094 0.8030 5.0787
1095 0.8604 5.1607
1096 -1.3766 2.1298
1097 -1.3192 2.2117
1098 -1.2619 2.2936
1099 -1.2045 2.3755
1100 -1.1472 2.4575
1101 -1.0898 2.5394
1102 -1.0324 2.6213
1103 -0.9751 2.7032
1104 -0.9177 2.7851
1105 -0.8604 2.8670
1106 -0.8030 2.9489
1107 -0.7456 3.0309
1108 -0.6883 3.1128
1109 -0.6309 3.1947
1110 -0.5736 3.2766
1111 -0.5162 3.3585
1112 -0.4589 3.4404
1113 -0.4015 3.5224
1114 -0.3441 3.6043
1115 -0.2868 3.6862
1116 -0.2294 3.7681
1117 -0.1721 3.8500
1118 -0.1147 3.9319
1119 -0.0574 4.0138
1120 -0.0000 4.0958
1121 0.0574 4.1777
1122 0.1147 4.2596
1123 0.1721 4.3415
1124 0.2294 4.4234
1125 0.2868 4.5053
1126 0.3441 4.5873
1127 0.4015 4.6692
1128 0.4589 4.7511
1129 0.5162 4.8330
1130 0.5736 4.9149
1131 0.6309 4.9968
1132 0.6883 5.0787
1133 0.7456 5.1607
1134 0.8030 5.2426
1135 -1.4339 2.2117
1136 -1.3766 2.2936
1137 -1.3192 2.3755
1138 -1.2619 2.4575
1139 -1.2045 2.5394
1140 -1.1472 2.6213
1141 -1.0898 2.7032
1142 -1.0324 2.7851
1143 -0.9751 2.8670
1144 -0.9177 2.9489
1145 -0.8604 3.0309
1146 -0.8030 3.1128
1147 -0.7456 3.1947
1148 -0.6883 3.2766
1149 -0.6309 3.3585
1150 -0.5736 3.4404
1151 -0.5162 3.5224
1152 -0.4589 3.6043
1153 -0.4015 3.6862
1154 -0.3441 3.7681
1155 -0.2868 3.8500
1156 -0.2294 3.9319
1157 -0.1721 4.0138
1158 -0.1147 4.0958
1159 -0.0574 4.1777
1160 -0.0000 4.2596
1161 0.0574 4.3415
1162 0.1147 4.4234
1163 0.1721 4.5053
1164 0.2294 4.5873
1165 0.2868 4.6692
1166 0.3441 4.7511
1167 0.4015 4.8330
1168 0.4589 4.9149
1169 0.5162 4.9968
1170 0.5736 5.0787
1171 0.6309 5.1607
1172 0.6883 5.2426
1173 0.7456 5.3245
1174 -1.4913 2.2936
1175 -1.4339 2.3755
1176 -1.3766 2.4575
1177 -1.3192 2.5394
1178 -1.2619 2.6213
1179 -1.2045 2.7032
1180 -1.1472 2.7851
1181 -1.0898 2.8670
1182 -1.0324 2.9489
1183 -0.9751 3.0309
1184 -0.9177 3.1128
1185 -0.8604 3.1947
1186 -0.8030 3.2766
1187 -0.7456 3.3585
1188 -0.6883 3.4404
1189 -0.6309 3.5224
1190 -0.5736 3.6043
1191 -0.5162 3.6862
1192 -0.4589 3.7681
1193 -0.4015 3.8500
1194 -0.3441 3.9319
1195 -0.2868 4.0138
1196 -0.2294 4.0958
1197 -0.1721 4.1777
1198 -0.1147 4.2596
1199 -0.0574 4.3415
1200 -0.0000 4.4234
1201 0.0574 4.5053
1202 0.1147 4.5873
1203 0.1721 4.6692
1204 0.2294 4.7511
1205 0.2868 4.8330
1206 0.3441 4.9149
1207 0.4015 4.9968
1208 0.4589 5.0787
1209 0.5162 5.1607
1210 0.5736 5.2426
1211 0.6309 5.3245
1212 0.6883 5.4064
1213 -1.5487 2.3755
1214 -1.4913 2.4575
1215 -1.4339 2.5394
1216 -1.3766 2.6213
1217 -1.3192 2.7032
1218 -1.2619 2.7851
1219 -1.2045 2.8670
1220 -1.1472 2.9489
1221 -1.0898 3.0309
1222 -1.0324 3.1128
1223 -0.9751 3.1947
1224 -0.9177 3.2766
1225 -0.8604 3.3585
1226 -0.8030 3.4404
1227 -0.7456 3.5224
1228 -0.6883 3.6043
1229 -0.6309 3.6862
1230 -0.5736 3.7681
1231 -0.5162 3.8500
1232 -0.4589 3.9319
1233 -0.4015 4.0138
1234 -0.3441 4.0958
1235 -0.2868 4.1777
1236 -0.2294 4.2596
1237 -0.1721 4.3415
1238 -0.1147 4.4234
1239 -0.0574 4.5053
1240 -0.0000 4.5873
1241 0.0574 4.6692
1242 0.1147 4.7511
1243 0.1721 4.8330
1244 0.2294 4.9149
1245 0.2868 4.9968
1246 0.3441 5.0787
1247 0.4015 5.1607
1248 0.4589 5.2426
1249 0.5162 5.3245
1250 0.5736 5.4064
1251 0.6309 5.4883
1252 -1.6060 2.4575
1253 -1.5487 2.5394
1254 -1.4913 2.6213
1255 -1.4339 2.7032
1256 -1.3766 2.7851
1257 -1.3192 2.8670
1258 -1.2619 2.9489
1259 -1.2045 3.0309
1260 -1.1472 3.1128
1261 -1.0898 3.1947
1262 -1.0324 3.2766
1263 -0.9751 3.3585
1264 -0.9177 3.4404
1265 -0.8604 3.5224
1266 -0.8030 3.6043
1267 -0.7456 3.6862
1268 -0.6883 3.7681
1269 -0.6309 3.8500
1270 -0.5736 3.9319
1271 -0.5162 4.0138
1272 -0.4589 4.0958
1273 -0.4015 4.1777
1274 -0.3441 4.2596
1275 -0.2868 4.3415
1276 -0.2294 4.4234
1277 -0.1721 4.5053
1278 -0.1147 4.5873
1279 -0.0574 4.6692
1280 -0.0000 4.7511
1281 0.0574 4.8330
1282 0.1147 4.9149
1283 0.1721 4.9968
1284 0.2294 5.0787
1285 0.2868 5.1607
1286 0.3441 5.2426
1287 0.4015 5.3245
1288 0.4589 5.4064
1289 0.5162 5.4883
1290 0.5736 5.5702
1291 -1.6634 2.5394
1292 -1.6060 2.6213
1293 -1.5487 2.7032
1294 -1.4913 2.7851
1295 -1.4339 2.8670
1296 -1.3766 2.9489
1297 -1.3192 3.0309
1298 -1.2619 3.1128
1299 -1.2045 3.1947
1300 -1.1472 3.2766
1301 -1.0898 3.3585
1302 -1.0324 3.4404
1303 -0.9751 3.5224
1304 -0.9177 3.6043
1305 -0.8604 3.6862
1306 -0.8030 3.7681
1307 -0.7456 3.8500
1308 -0.6883 3.9319
1309 -0.6309 4.0138
1310 -0.5736 4.0958
1311 -0.5162 4.1777
1312 -0.4589 4.2596
1313 -0.4015 4.3415
1314 -0.3441 4.4234
1315 -0.2868 4.5053
1316 -0.2294 4.5873
1317 -0.1721 4.6692
1318 -0.1147 4.7511
1319 -0.0574 4.8330
1320 -0.0000 4.9149
1321 0.0574 4.9968
1322 0.1147 5.0787
1323 0.1721 5.1607
1324 0.2294 5.2426
1325 0.2868 5.3245
1326 0.3441 5.4064
1327 0.4015 5.4883
1328 0.4589 5.5702
1329 0.5162 5.6521
1330 -1.7207 2.6213
1331 -1.6634 2.7032
1332 -1.6060 2.7851
1333 -1.5487 2.8670
1334 -1.4913 2.9489
1335 -1.4339 3.0309
1336 -1.3766 3.1128
1337 -1.3192 3.1947
1338 -1.2619 3.2766
1339 -1.2045 3.3585
1340 -1.1472 3.4404
1341 -1.0898 3.5224
1342 -1.0324 3.6043
1343 -0.9751 3.6862
1344 -0.9177 3.7681
1345 -0.8604 3.8500
1346 -0.8030 3.9319
1347 -0.7456 4.0138
1348 -0.6883 4.0958
1349 -0.6309 4.1777
1350 -0.5736 4.2596
1351 -0.5162 4.3415
1352 -0.4589 4.4234
1353 -0.4015 4.5053
1354 -0.3441 4.5873
1355 -0.2868 4.6692
1356 -0.2294 4.7511
1357 -0.1721 4.8330
1358 -0.1147 4.9149
1359 -0.0574 4.9968
1360 -0.0000 5.0787
1361 0.0574 5.1607
1362 0.1147 5.2426
1363 0.1721 5.3245
1364 0.2294 5.4064
1365 0.2868 5.4883
1366 0.3441 5.5702
1367 0.4015 5.6521
1368 0.4589 5.7341
1369 -1.7781 2.7032
1370 -1.7207 2.7851
1371 -1.6634 2.8670
1372 -1.6060 2.9489
1373 -1.5487 3.0309
1374 -1.4913 3.1128
1375 -1.4339 3.1947
1376 -1.3766 3.2766
1377 -1.3192 3.3585
1378 -1.2619 3.4404
1379 -1.2045 3.5224
1380 -1.1472 3.6043
1381 -1.0898 3.6862
1382 -1.0324 3.7681
1383 -0.9751 3.8500
1384 -0.9177 3.9319
1385 -0.8604 4.0138
1386 -0.8030 4.0958
1387 -0.7456 4.1777
1388 -0.6883 4.2596
1389 -0.6309 4.3415
1390 -0.5736 4.4234
1391 -0.5162 4.5053
1392 -0.4589 4.5873
1393 -0.4015 4.6692
1394 -0.3441 4.7511
1395 -0.2868 4.8330
1396 -0.2294 4.9149
1397 -0.1721 4.9968
1398 -0.1147 5.0787
1399 -0.0574 5.1607
1400 -0.0000 5.2426
1401 0.0574 5.3245
1402 0.1147 5.4064
1403 0.1721 5.4883
1404 0.2294 5.5702
1405 0.2868 5.6521
1406 0.3441 5.7341
1407 0.4015 5.8160
1408 -1.8354 2.7851
1409 -1.7781 2.8670
1410 -1.7207 2.9489
1411 -1.6634 3.0309
1412 -1.6060 3.1128
1413 -1.5487 3.1947
1414 -1.4913 3.2766
1415 -1.4339 3.3585
1416 -1.3766 3.4404
1417 -1.3192 3.5224
1418 -1.2619 3.6043
1419 -1.2045 3.6862
1420 -1.1472 3.7681
1421 -1.0898 3.8500
1422 -1.0324 3.9319
1423 -0.9751 4.0138
1424 -0.9177 4.0958
1425 -0.8604 4.1777
1426 -0.8030 4.2596
1427 -0.7456 4.3415
1428 -0.6883 4.4234
1429 -0.6309 4.5053
1430 -0.5736 4.5873
1431 -0.5162 4.6692
1432 -0.4589 4.7511
1433 -0.4015 4.8330
1434 -0.3441 4.9149
1435 -0.2868 4.9968
1436 -0.2294 5.0787
1437 -0.1721 5.1607
1438 -0.1147 5.2426
1439 -0.0574 5.3245
1440 -0.0000 5.4064
1441 0.0574 5.4883
1442 0.1147 5.5702
1443 0.1721 5.6521
1444 0.2294 5.7341
1445 0.2868 5.8160
1446 0.3441 5.8979
1447 -1.8928 2.8670
1448 -1.8354 2.9489
1449 -1.7781 3.0309
1450 -1.7207 3.1128
1451 -1.6634 3.1947
1452 -1.6060 3.2766
1453 -1.5487 3.3585
1454 -1.4913 3.4404
1455 -1.4339 3.5224
1456 -1.3766 3.6043
1457 -1.3192 3.6862
1458 -1.2619 3.7681
1459 -1.2045 3.8500
1460 -1.1472 3.9319
1461 -1.0898 4.0138
1462 -1.0324 4.0958
1463 -0.9751 4.1777
1464 -0.9177 4.2596
1465 -0.8604 4.3415
1466 -0.8030 4.4234
1467 -0.7456 4.5053
1468 -0.6883 4.5873
1469 -0.6309 4.6692
1470 -0.5736 4.7511
1471 -0.5162 4.8330
1472 -0.4589 4.9149
1473 -0.4015 4.9968
1474 -0.3441 5.0787
1475 -0.2868 5.1607
1476 -0.2294 5.2426
1477 -0.1721 5.3245
1478 -0.1147 5.4064
1479 -0.0574 5.4883
1480 -0.0000 5.5702
1481 0.0574 5.6521
1482 0.1147 5.7341
1483 0.1721 5.8160
1484 0.2294 5.8979
1485 0.2868 5.9798
1486 -1.9502 2.9489
1487 -1.8928 3.0309
1488 -1.8354 3.1128
1489 -1.7781 3.1947
1490 -1.7207 3.2766
1491 -1.6634 3.3585
1492 -1.6060 3.4404
1493 -1.5487 3.5224
1494 -1.4913 3.6043
1495 -1.4339 3.6862
1496 -1.3766 3.7681
1497 -1.3192 3.8500
1498 -1.2619 3.9319
1499 -1.2045 4.0138
1500 -1.1472 4.0958
1501 -1.0898 4.1777
1502 -1.0324 4.2596
1503 -0.9751 4.3415
1504 -0.9177 4.4234
1505 -0.8604 4.5053
1506 -0.8030 4.5873
1507 -0.7456 4.6692
1508 -0.6883 4.7511
1509 -0.6309 4.8330
1510 -0.5736 4.9149
1511 -0.5162 4.9968
1512 -0.4589 5.0787
1513 -0.4015 5.1607
1514 -0.3441 5.2426
1515 -0.2868 5.3245
1516 -0.2294 5.4064
1517 -0.1721 5.4883
1518 -0.1147 5.5702
1519 -0.0574 5.6521
1520 -0.0000 5.7341
1521 0.0574 5.8160
1522 0.1147 5.8979
1523 0.1721 5.9798
1524 0.2294 6.0617
1525 -2.0075 3.0309
1526 -1.9502 3.1128
1527 -1.8928 3.1947
1528 -1.8354 3.2766
1529 -1.7781 3.3585
1530 -1.7207 3.4404
1531 -1.6634 3.5224
1532 -1.6060 3.6043
1533 -1.5487 3.6862
1534 -1.4913 3.7681
1535 -1.4339 3.8500
1536 -1.3766 3.9319
1537 -1.3192 4.0138
1538 -1.2619 4.0958
1539 -1.2045 4.1777
1540 -1.1472 4.2596
1541 -1.0898 4.3415
1542 -1.0324 4.4234
1543 -0.9751 4.5053
1544 -0.9177 4.5873
1545 -0.8604 4.6692
1546 -0.8030 4.7511
1547 -0.7456 4.8330
1548 -0.6883 4.9149
1549 -0.6309 4.9968
1550 -0.5736 5.0787
1551 -0.5162 5.1607
1552 -0.4589 5.2426
1553 -0.4015 5.3245
1554 -0.3441 5.4064
1555 -0.2868 5.4883
1556 -0.2294 5.5702
1557 -0.1721 5.6521
1558 -0.1147 5.7341
1559 -0.0574 5.8160
1560 -0.0000 5.8979
1561 0.0574 5.9798
1562 0.1147 6.0617
1563 0.1721 6.1436
1564 -2.0649 3.1128
1565 -2.0075 3.1947
1566 -1.9502 3.2766
1567 -1.8928 3.3585
1568 -1.8354 3.4404
1569 -1.7781 3.5224
1570 -1.7207 3.6043
1571 -1.6634 3.6862
1572 -1.6060 3.7681
1573 -1.5487 3.8500
1574 -1.4913 3.9319
1575 -1.4339 4.0138
1576 -1.3766 4.0958
1577 -1.3192 4.1777
1578 -1.2619 4.2596
1579 -1.2045 4.3415
1580 -1.1472 4.4234
1581 -1.0898 4.5053
1582 -1.0324 4.5873
1583 -0.9751 4.6692
1584 -0.9177 4.7511
1585 -0.8604 4.8330
1586 -0.8030 4.9149
1587 -0.7456 4.9968
1588 -0.6883 5.0787
1589 -0.6309 5.1607
1590 -0.5736 5.2426
1591 -0.5162 5.3245
1592 -0.4589 5.4064
1593 -0.4015 5.4883
1594 -0.3441 5.5702
1595 -0.2868 5.6521
1596 -0.2294 5.7341
1597 -0.1721 5.8160
1598 -0.1147 5.8979
1599 -0.0574 5.9798
1600 -0.0000 6.0617
1601 0.0574 6.1436
1602 0.1147 6.2256
1603 -2.1222 3.1947
1604 -2.0649 3.2766
1605 -2.0075 3.3585
1606 -1.9502 3.4404
1607 -1.8928 3.5224
1608 -1.8354 3.6043
1609 -1.7781 3.6862
1610 -1.7207 3.7681
1611 -1.6634 3.8500
1612 -1.6060 3.9319
1613 -1.5487 4.0138
1614 -1.4913 4.0958
1615 -1.4339 4.1777
1616 -1.3766 4.2596
1617 -1.3192 4.3415
1618 -1.2619 4.4234
1619 -1.2045 4.5053
1620 -1.1472 4.5873
1621 -1.0898 4.6692
1622 -1.0324 4.7511
1623 -0.9751 4.8330
1624 -0.9177 4.9149
1625 -0.8604 4.9968
1626 -0.8030 5.0787
1627 -0.7456 5.1607
1628 -0.6883 5.2426
1629 -0.6309 5.3245
1630 -0.5736 5.4064
1631 -0.5162 5.4883
1632 -0.4589 5.5702
1633 -0.4015 5.6521
1634 -0.3441 5.7341
1635 -0.2868 5.8160
1636 -0.2294 5.8979
1637 -0.1721 5.9798
1638 -0.1147 6.0617
1639 -0.0574 6.1436
1640 -0.0000 6.2256
1641 0.0574 6.3075
1642 -2.1796 3.2766
1643 -2.1222 3.3585
1644 -2.0649 3.4404
1645 -2.0075 3.5224
1646 -1.9502 3.6043
1647 -1.8928 3.6862
1648 -1.8354 3.7681
1649 -1.7781 3.8500
1650 -1.7207 3.9319
1651 -1.6634 4.0138
1652 -1.6060 4.0958
1653 -1.5487 4.1777
1654 -1.4913 4.2596
1655 -1.4339 4.3415
1656 -1.3766 4.4234
1657 -1.3192 4.5053
1658 -1.2619 4.5873
1659 -1.2045 4.6692
1660 -1.1472 4.7511
1661 -1.0898 4.8330
1662 -1.0324 4.9149
1663 -0.9751 4.9968
1664 -0.9177 5.0787
1665 -0.8604 5.1607
1666 -0.8030 5.2426
1667 -0.7456 5.3245
1668 -0.6883 5.4064
1669 -0.6309 5.4883
1670 -0.5736 5.5702
1671 -0.5162 5.6521
1672 -0.4589 5.7341
1673 -0.4015 5.8160
1674 -0.3441 5.8979
1675 -0.2868 5.9798
1676 -0.2294 6.0617
1677 -0.1721 6.1436
1678 -0.1147 6.2256
1679 -0.0574 6.3075
1680 -0.0000 6.3894
